Timestamp,X,Y,Event
0.3765599727630615,884,394,0
0.4113316535949707,884,395,0
0.4373295307159424,884,396,0
0.4597766399383545,884,397,0
0.46591949462890625,885,397,0
0.4731881618499756,885,398,0
0.4877662658691406,885,399,0
0.5003190040588379,885,400,0
0.5032970905303955,886,400,0
0.5068056583404541,886,401,0
0.5459189414978027,886,402,0
0.662888765335083,886,403,0
0.7224476337432861,886,404,0
0.7395806312561035,887,404,0
0.7817380428314209,887,405,0
0.8019371032714844,887,406,0
0.8141491413116455,887,407,0
0.8232054710388184,887,408,0
0.8297164440155029,887,409,0
0.8402230739593506,887,410,0
0.850715160369873,887,411,0
0.8799011707305908,887,412,0
0.892913818359375,887,413,0
0.938889741897583,887,414,0
0.9665055274963379,887,415,0
0.9938249588012695,887,416,0
1.0043492317199707,887,417,0
1.0857734680175781,887,418,0
1.0946927070617676,887,419,0
1.109403371810913,887,420,0
1.1242902278900146,887,421,0
1.127798318862915,887,422,0
1.1434600353240967,887,423,0
1.1555120944976807,887,424,0
1.1709811687469482,887,425,0
1.1754906177520752,887,426,0
1.1847000122070312,887,427,0
1.1957178115844727,887,428,0
1.2012269496917725,887,429,0
1.208552598953247,887,430,0
1.2177555561065674,887,431,0
1.2359373569488525,887,432,0
2.746995449066162,887,433,1
2.7501814365386963,887,434,1
2.7547085285186768,886,434,1
2.7567193508148193,886,435,1
2.7617201805114746,886,436,1
2.769411563873291,886,437,1
2.7717373371124268,885,437,1
2.7742977142333984,885,438,1
2.7823081016540527,885,439,1
2.7894062995910645,885,440,1
2.7944068908691406,884,440,1
2.80550217628479,884,441,1
2.8075013160705566,884,442,1
2.813502788543701,883,442,1
2.8191752433776855,883,443,1
2.8377883434295654,883,444,1
3.5345728397369385,882,444,1
3.537496328353882,882,445,1
3.541186809539795,881,445,1
3.547715425491333,880,445,1
3.549685001373291,880,446,1
3.552684783935547,879,446,1
3.5568552017211914,878,446,1
3.5643084049224854,878,447,1
3.5663137435913086,877,447,1
3.573824167251587,876,447,1
3.58947491645813,875,448,1
3.635759115219116,874,448,1
3.6386711597442627,874,449,1
3.7291393280029297,873,449,1
3.7458057403564453,873,450,1
3.7596919536590576,872,450,1
3.762692451477051,872,451,1
3.7852373123168945,871,452,1
3.8078293800354004,870,452,1
3.8152711391448975,870,453,1
3.8290133476257324,869,453,1
3.942117929458618,869,454,1
3.951110363006592,868,454,1
3.9576199054718018,867,454,1
3.969648838043213,867,455,1
3.9733355045318604,866,455,1
3.9925553798675537,865,455,1
3.997678279876709,865,456,1
4.009848117828369,864,456,1
4.015556335449219,863,456,1
4.029703617095947,862,456,1
4.034830331802368,862,457,1
4.042658805847168,861,457,1
4.052093029022217,861,458,1
4.066300392150879,860,458,1
4.073301553726196,860,459,1
4.1492979526519775,859,459,1
4.166929483413696,858,459,1
4.178525924682617,858,460,1
4.1865692138671875,857,460,1
4.19812798500061,857,461,1
4.207642555236816,856,461,1
4.238862037658691,855,461,1
4.241879463195801,855,462,1
4.247390985488892,854,462,1
4.262942790985107,854,463,1
4.272103786468506,853,463,1
4.2852537631988525,853,464,1
4.291706085205078,852,464,1
4.311765432357788,851,464,1
4.319381952285767,851,465,1
4.349526882171631,850,465,1
4.363027095794678,850,466,1
4.380830526351929,850,467,1
4.395525217056274,849,467,1
4.413582801818848,848,467,1
4.41676926612854,848,468,1
4.429632186889648,847,468,1
4.431652307510376,847,469,1
4.433637380599976,846,469,1
4.619102239608765,845,469,1
5.284546852111816,845,470,0
5.28875732421875,844,471,0
5.302374362945557,844,472,0
5.305431842803955,843,472,0
5.307429313659668,842,472,0
5.319005489349365,841,472,0
5.321009397506714,841,473,0
5.339893817901611,840,473,0
5.373164653778076,839,473,0
5.415643215179443,839,474,0
5.47442364692688,838,474,0
5.4813010692596436,838,475,0
5.495852708816528,837,475,0
5.505428791046143,837,476,0
5.527404308319092,837,477,0
5.534404277801514,836,477,0
5.541315793991089,836,478,0
5.548873424530029,836,479,0
5.565776824951172,835,479,0
5.568444728851318,835,480,0
5.576888799667358,834,480,0
5.625774383544922,833,481,0
5.709574937820435,833,482,0
5.7171008586883545,832,482,0
5.728119850158691,832,483,0
5.736971139907837,831,483,0
5.739440202713013,831,484,0
5.741758584976196,830,484,0
5.750942707061768,829,484,0
5.762743711471558,828,484,0
5.762743711471558,828,485,0
5.771485090255737,827,485,0
5.77938985824585,826,486,0
5.790903329849243,825,486,0
5.792917728424072,825,487,0
5.800167083740234,825,488,0
5.805715322494507,824,488,0
5.812736749649048,824,489,0
5.817537307739258,823,489,0
5.825414657592773,823,490,0
5.829967737197876,822,490,0
5.837501287460327,821,490,0
5.848270654678345,821,491,0
5.857754468917847,820,491,0
5.879266977310181,820,492,0
5.940242767333984,819,492,0
5.947811841964722,819,493,0
5.951117753982544,818,493,0
5.957525730133057,817,493,0
5.969536781311035,816,493,0
5.974536657333374,816,494,0
5.9856908321380615,815,494,0
6.000014543533325,814,494,0
6.003015041351318,814,495,0
6.009572505950928,813,495,0
6.0230066776275635,813,496,0
6.041654825210571,812,496,0
6.068978548049927,811,496,0
6.08350944519043,810,496,0
6.0891454219818115,809,496,0
6.091127157211304,809,497,0
6.09573221206665,808,497,0
6.103302955627441,807,497,0
6.110370874404907,806,498,0
6.116879224777222,805,498,0
6.121529579162598,805,499,0
6.128069877624512,804,499,0
6.129045486450195,804,500,0
6.137548923492432,803,500,0
6.146597862243652,802,501,0
6.155431032180786,801,501,0
6.168179035186768,800,502,0
6.185940504074097,799,502,0
6.209747552871704,798,502,0
6.220997095108032,798,503,0
6.2566399574279785,798,504,0
6.258701324462891,797,504,0
6.282867670059204,796,505,0
6.290424823760986,795,505,0
6.297966241836548,794,505,0
6.307434558868408,794,506,0
6.311567544937134,793,506,0
6.315078973770142,792,506,0
6.44621729850769,792,507,0
6.450727701187134,791,507,0
6.454726696014404,791,508,0
6.464480638504028,790,508,0
6.467486619949341,790,509,0
6.478995323181152,789,509,0
6.4819982051849365,789,510,0
6.485095500946045,788,510,0
6.501842021942139,788,511,0
6.5065460205078125,787,511,0
6.507574081420898,787,512,0
6.527026176452637,786,512,0
6.529044151306152,786,513,0
6.555388689041138,785,513,0
6.575491666793823,785,514,0
6.7399396896362305,784,514,0
6.742710828781128,784,515,0
6.757788896560669,783,515,0
6.762503147125244,783,516,0
6.771655082702637,783,517,0
6.776757478713989,782,517,0
6.781041622161865,782,518,0
6.917700290679932,781,519,0
6.923257827758789,780,519,0
6.930878639221191,780,520,0
6.93638801574707,780,521,0
6.94426703453064,779,521,0
6.949271202087402,779,522,0
6.97168231010437,778,522,0
6.976055383682251,778,523,0
7.0194830894470215,778,524,0
7.027841567993164,778,525,0
7.034450531005859,777,525,0
7.040338516235352,776,525,0
7.055389881134033,775,525,0
7.055389881134033,775,526,0
7.127251386642456,774,526,0
7.138295412063599,774,527,0
7.139273166656494,773,527,0
7.162945032119751,773,528,0
7.178473711013794,772,528,0
7.18342924118042,772,529,0
7.201474905014038,771,529,0
7.20598578453064,771,530,0
7.22111439704895,770,530,0
7.233484268188477,770,531,0
7.257744312286377,769,531,0
7.265273094177246,769,532,0
7.272369861602783,768,532,0
7.282793045043945,768,533,0
7.30120325088501,767,533,0
7.322264909744263,767,534,0
7.335062503814697,766,534,0
7.362998723983765,766,535,0
7.373169660568237,765,535,0
7.388878107070923,764,535,0
7.394381761550903,764,536,0
7.396865367889404,764,537,0
7.412917613983154,763,537,0
7.469075918197632,762,537,0
7.477580308914185,762,538,0
7.4830427169799805,761,538,0
7.498858213424683,760,539,0
7.515093564987183,759,539,0
7.549385070800781,759,540,0
7.562061309814453,758,540,0
7.56969952583313,757,540,0
7.571119070053101,757,541,0
7.5836427211761475,756,541,0
7.589076519012451,755,541,0
7.603549242019653,754,541,0
7.610304594039917,754,542,0
7.623668193817139,753,542,0
7.679803371429443,752,542,0
7.680784225463867,752,543,0
7.68280553817749,751,543,0
7.690356731414795,750,543,0
7.700697183609009,749,543,0
7.707205057144165,748,544,0
7.711632251739502,747,544,0
7.721633434295654,746,544,0
7.739323377609253,745,544,0
7.741656303405762,745,545,0
7.763436794281006,745,546,0
7.8220374584198,745,547,0
7.825556993484497,744,547,0
7.832945346832275,743,547,0
7.843157052993774,743,548,0
7.845669507980347,742,548,0
7.850672245025635,741,548,0
7.866330623626709,740,548,0
7.908016920089722,740,549,0
7.946292400360107,740,550,0
7.951496362686157,739,550,0
7.96164608001709,738,550,0
7.977999210357666,737,550,0
7.985596418380737,737,551,0
7.998918056488037,736,551,0
8.062077760696411,736,552,0
8.068470478057861,735,552,0
8.071489810943604,734,552,0
8.074991941452026,734,553,0
8.076995134353638,734,554,0
8.078996419906616,733,554,0
8.08598017692566,732,554,0
8.089161396026611,731,554,0
8.099721670150757,730,554,0
8.121605634689331,730,555,0
8.190755367279053,729,555,0
8.278674840927124,729,556,0
8.284675598144531,728,556,0
8.292346954345703,727,556,0
8.295350790023804,727,557,0
8.2993483543396,726,557,0
8.307372570037842,725,557,0
8.309804201126099,725,558,0
8.321940898895264,724,558,0
8.327487468719482,724,559,0
8.335813283920288,723,559,0
8.338810682296753,722,559,0
8.3572998046875,722,560,0
8.432268142700195,721,560,0
8.439470529556274,720,560,0
8.444468975067139,720,561,0
8.450464248657227,719,561,0
8.456526517868042,719,562,0
8.461527824401855,718,562,0
8.474376678466797,717,562,0
8.478671073913574,717,563,0
8.540683269500732,716,563,0
8.543697834014893,716,564,0
8.555463552474976,715,564,0
8.561821460723877,714,564,0
8.565330743789673,714,565,0
8.574352979660034,713,565,0
8.582966089248657,712,566,0
8.616490364074707,711,566,0
8.622026205062866,711,567,0
8.635672807693481,710,567,0
8.659515380859375,709,567,0
8.66924262046814,709,568,0
8.679674863815308,708,568,0
8.692941427230835,708,569,0
8.695250749588013,707,569,0
8.707260847091675,707,570,0
8.730058431625366,706,570,0
8.74436640739441,706,571,0
8.74838137626648,705,571,0
8.776306390762329,704,571,0
8.7945237159729,704,572,0
8.804535865783691,703,572,0
8.81142783164978,702,572,0
8.831398725509644,702,573,0
8.877451419830322,702,574,0
8.883000373840332,701,574,0
8.89182448387146,701,575,0
8.907306671142578,700,575,0
8.911352396011353,700,576,0
8.924878597259521,699,576,0
8.931972026824951,698,576,0
8.933005571365356,698,577,0
8.95516586303711,697,577,0
8.95918869972229,697,578,0
8.96572208404541,697,579,0
8.968721151351929,696,579,0
8.980840921401978,695,580,0
9.007411479949951,694,580,0
9.013413667678833,694,581,0
9.015498161315918,693,581,0
9.03755521774292,692,582,0
9.050615072250366,692,583,0
9.07180666923523,691,583,0
9.085641860961914,691,584,0
9.09764575958252,690,584,0
9.10586929321289,689,584,0
9.108885049819946,689,585,0
9.126779556274414,688,585,0
9.126779556274414,688,586,0
9.140044927597046,687,586,0
9.145620584487915,687,587,0
9.19962215423584,686,587,0
9.20219349861145,686,588,0
9.206911325454712,685,588,0
9.214279651641846,685,589,0
9.218393087387085,684,589,0
9.227583169937134,683,589,0
9.229619979858398,683,590,0
9.235618829727173,683,591,0
9.248446226119995,682,591,0
9.2588632106781,681,591,0
9.27644681930542,680,592,0
9.345934629440308,679,592,0
9.34693455696106,679,593,0
9.352867603302002,678,593,0
9.355387926101685,677,593,0
9.36339020729065,676,593,0
9.365777492523193,676,594,0
9.37078332901001,675,594,0
9.374737739562988,675,595,0
9.374737739562988,674,595,0
9.380985021591187,673,595,0
9.389492511749268,672,596,0
9.409135580062866,671,596,0
9.411113262176514,671,597,0
9.493491172790527,670,597,0
9.495753049850464,670,598,0
9.499468564987183,669,598,0
9.509865045547485,669,599,0
9.51740574836731,668,599,0
9.52291488647461,668,600,0
9.52567982673645,667,600,0
9.544286251068115,667,601,0
9.54930567741394,666,601,0
9.557792663574219,666,602,0
9.58197808265686,666,603,0
9.60077452659607,665,603,0
9.6093590259552,665,604,0
9.621408700942993,664,604,0
9.644652605056763,663,604,0
9.645657777786255,663,605,0
9.663403749465942,663,606,0
9.670742750167847,663,607,0
9.672742128372192,662,607,0
9.686025142669678,662,608,0
9.692543506622314,662,609,0
9.71159291267395,662,610,0
9.713591814041138,661,610,0
9.727458715438843,661,611,0
9.729146480560303,660,611,0
9.783097982406616,660,612,0
9.800949573516846,659,613,0
9.815422534942627,658,614,0
9.836280822753906,657,614,0
9.859710216522217,656,615,0
9.880239963531494,656,616,0
9.887717723846436,655,616,0
9.971278190612793,654,616,0
9.977800607681274,654,617,0
9.979806661605835,653,617,0
9.985330820083618,652,617,0
9.991248607635498,652,618,0
9.99826717376709,651,618,0
10.004800081253052,650,618,0
10.007834196090698,650,619,0
10.022441387176514,650,620,0
10.025663614273071,649,620,0
10.049579620361328,648,620,0
10.126320123672485,648,621,0
10.127325296401978,647,621,0
10.139626264572144,646,622,0
10.175472736358643,645,622,0
10.211070537567139,645,623,0
10.215607404708862,645,624,0
10.216607093811035,644,624,0
10.242256879806519,644,625,0
10.258806467056274,643,625,0
10.266831874847412,643,626,0
10.60909104347229,643,627,0
10.637648344039917,643,628,0
10.639648199081421,642,628,0
10.6828134059906,641,628,0
10.80569839477539,641,629,0
10.819456815719604,641,630,0
10.829155445098877,640,630,0
10.908859729766846,640,631,0
10.91539740562439,640,632,0
10.919695854187012,640,633,0
10.973422288894653,640,634,0
11.015766143798828,639,634,0
11.019784688949585,639,635,0
11.03746747970581,639,636,0
11.051523685455322,639,637,0
11.084280729293823,639,638,0
11.101680517196655,639,639,0
11.11687159538269,639,640,0
11.171547889709473,639,641,0
11.193650722503662,639,642,0
11.225783824920654,639,643,0
11.345534563064575,639,644,0
11.349534273147583,640,644,0
11.356639385223389,640,645,0
11.35882019996643,641,645,0
11.380605220794678,641,646,0
11.388607740402222,642,646,0
11.397570371627808,642,647,0
11.602911472320557,642,648,0
11.609236717224121,643,648,0
11.627346277236938,643,649,0
11.638935565948486,643,650,0
11.655575513839722,644,650,0
11.658574104309082,644,651,0
11.667592287063599,645,651,0
11.692648649215698,645,652,0
11.715498685836792,645,653,0
11.741686344146729,645,654,0
11.75553846359253,645,655,0
11.763060569763184,645,656,0
11.76562213897705,646,657,0
11.785661220550537,646,658,0
11.863150119781494,646,659,0
11.877975225448608,646,660,0
11.87999176979065,646,661,0
11.894608497619629,647,661,0
11.897620916366577,647,662,0
11.915618419647217,647,663,0
11.977351427078247,647,664,0
12.012964248657227,647,665,0
12.041473388671875,647,666,0
12.051184177398682,648,666,0
12.057207345962524,648,667,0
12.08149766921997,649,667,0
12.08909010887146,649,668,0
12.111150979995728,649,669,0
12.144692420959473,650,670,0
12.16013765335083,650,671,0
12.179066896438599,650,672,0
12.18558382987976,651,672,0
12.199233770370483,651,673,0
12.207777738571167,651,674,0
12.215408086776733,652,674,0
12.227631092071533,652,675,0
12.232651472091675,653,675,0
12.317699193954468,653,676,0
12.343336820602417,653,677,0
12.345400094985962,654,677,0
12.348399639129639,654,678,0
12.362832069396973,654,679,0
12.377971410751343,654,680,0
12.383053541183472,655,680,0
12.395706176757812,655,681,0
12.410372972488403,655,682,0
12.433569192886353,655,683,0
12.454709529876709,655,684,0
12.513494968414307,656,685,0
12.518893003463745,656,686,0
12.530466556549072,656,687,0
12.531474590301514,657,687,0
12.546260356903076,657,688,0
12.56563663482666,657,689,0
12.57163667678833,658,689,0
12.581233978271484,658,690,0
12.598251819610596,658,691,0
12.625135660171509,658,692,0
12.651773691177368,658,693,0
12.655280590057373,659,693,0
12.658298969268799,659,694,0
12.679665565490723,659,695,0
12.695589065551758,659,696,0
12.757385969161987,659,697,0
12.769082069396973,659,698,0
12.783711433410645,660,698,0
12.79087209701538,661,699,0
12.807230472564697,661,700,0
12.822885751724243,661,701,0
12.830981969833374,661,702,0
12.852736473083496,661,703,0
12.871520280838013,661,704,0
12.887059688568115,661,705,0
12.895670175552368,661,706,0
12.903304100036621,661,707,0
12.921660661697388,661,708,0
12.929136991500854,662,709,0
12.935715913772583,662,710,0
12.946971654891968,662,711,0
12.958754301071167,662,712,0
12.985262393951416,662,713,0
12.987263441085815,663,713,0
13.0019850730896,663,714,0
13.007501602172852,663,715,0
13.030173540115356,663,716,0
13.047147274017334,663,717,0
13.066100120544434,663,718,0
13.073667764663696,663,719,0
13.08676528930664,664,719,0
13.098507642745972,664,720,0
13.118250608444214,664,721,0
13.13759446144104,665,721,0
13.151869773864746,665,722,0
13.155415296554565,665,723,0
13.175162553787231,665,724,0
13.188615798950195,666,724,0
13.200023412704468,666,725,0
13.21308970451355,666,726,0
13.224463701248169,666,727,0
13.269154787063599,667,727,0
13.275812864303589,667,728,0
13.292226314544678,667,729,0
13.324357748031616,668,729,0
13.359606504440308,668,730,0
13.372745990753174,668,731,0
13.382530927658081,668,732,0
13.393040418624878,668,733,0
13.396551370620728,669,733,0
13.403352737426758,669,734,0
13.411629915237427,669,735,0
13.414630651473999,670,735,0
13.429165124893188,670,736,0
13.435227632522583,671,737,0
13.447303533554077,671,738,0
13.463232278823853,671,739,0
13.467843770980835,672,740,0
13.479344129562378,672,741,0
13.487366437911987,673,741,0
13.49863576889038,673,742,0
13.513632535934448,673,743,0
13.525679111480713,673,744,0
13.539974451065063,674,744,0
13.546456575393677,674,745,0
13.56114149093628,674,746,0
13.581324338912964,674,747,0
13.585850954055786,674,748,0
13.60256814956665,675,748,0
13.603543281555176,675,749,0
13.611819982528687,675,750,0
13.631781101226807,675,751,0
13.637694120407104,675,752,0
13.651267528533936,676,753,0
13.678934097290039,676,754,0
13.68641972541809,676,755,0
13.69669485092163,677,756,0
13.702702760696411,678,756,0
13.707275629043579,678,757,0
13.717259883880615,678,758,0
13.736896753311157,678,759,0
13.754437685012817,679,759,0
13.756478071212769,679,760,0
13.764974355697632,679,761,0
13.792773962020874,679,762,0
13.896176815032959,679,763,0
13.919716119766235,679,764,0
13.935727834701538,680,764,0
13.937729358673096,680,765,0
14.018168687820435,680,766,0
14.033090353012085,680,767,0
14.04064655303955,681,767,0
14.047166585922241,682,768,0
14.059982538223267,682,769,0
14.088769435882568,683,769,0
14.098311185836792,683,770,0
14.185662508010864,683,771,0
14.19643497467041,683,772,0
14.201440334320068,683,773,0
14.213173866271973,684,774,0
14.22289776802063,684,775,0
14.227139711380005,684,776,0
14.23486876487732,684,777,0
14.251930236816406,684,778,0
14.262210607528687,684,779,0
14.26973295211792,684,780,0
14.279741764068604,685,780,0
14.303141355514526,685,781,0
14.324490308761597,685,782,0
14.34148645401001,685,783,0
14.347570180892944,686,783,0
14.354610919952393,686,784,0
14.3596932888031,686,785,0
14.381539344787598,686,786,0
14.394241571426392,686,787,0
14.396266460418701,687,787,0
14.407495498657227,687,788,0
14.434983253479004,687,789,0
14.46525526046753,687,790,0
14.479410171508789,687,791,0
14.505571842193604,687,792,0
14.519518852233887,688,792,0
14.540581226348877,688,793,0
14.555973291397095,689,793,0
14.565470695495605,690,794,0
14.58288049697876,690,795,0
14.605737209320068,690,796,0
14.609887838363647,690,797,0
14.619374513626099,691,798,0
14.628940343856812,691,799,0
14.63759994506836,691,800,0
14.653168439865112,691,801,0
14.656695365905762,692,801,0
14.694628953933716,692,802,0
14.705395698547363,692,803,0
14.716233968734741,693,803,0
14.73166012763977,693,804,0
14.74485182762146,694,804,0
14.747879028320312,694,805,0
14.754359722137451,694,806,0
14.765772819519043,694,807,0
14.775663137435913,695,807,0
14.779663562774658,695,808,0
14.802729845046997,695,809,0
14.810256958007812,695,810,0
14.845125913619995,695,811,0
14.883216381072998,695,812,0
14.921263694763184,696,813,0
14.929298639297485,696,814,0
14.951799392700195,696,815,0
14.964306592941284,696,816,0
14.977114200592041,697,816,0
15.046832084655762,697,817,0
15.056837797164917,697,818,0
15.078871726989746,697,819,0
15.09147310256958,697,820,0
15.097968339920044,698,821,0
15.105475187301636,698,822,0
15.123257637023926,699,822,0
15.124787330627441,699,823,0
15.151973962783813,700,823,0
15.15301251411438,700,824,0
15.185623168945312,700,825,0
15.209442853927612,700,826,0
15.221220970153809,701,826,0
15.22275710105896,701,827,0
15.254801511764526,701,828,0
15.257724523544312,702,828,0
15.262735605239868,702,829,0
15.275357484817505,702,830,0
15.282926082611084,703,830,0
15.297489404678345,703,831,0
15.310105085372925,703,832,0
15.318155765533447,704,833,0
15.321171045303345,704,834,0
15.324694633483887,704,835,0
15.333573818206787,704,836,0
15.340216875076294,704,838,0
15.344720363616943,705,838,0
15.354450941085815,705,839,0
15.407225131988525,705,840,0
15.419141292572021,705,841,0
15.429330348968506,705,842,0
15.434884309768677,705,843,0
15.471667051315308,706,844,0
15.48763656616211,707,844,0
15.504420280456543,707,845,0
15.508425235748291,707,846,0
15.533142566680908,707,847,0
15.55027723312378,707,848,0
15.551276206970215,708,848,0
15.561141729354858,708,849,0
15.696265935897827,708,850,0
15.702390432357788,708,851,0
15.71251106262207,709,851,0
15.720256567001343,709,852,0
15.845263481140137,709,853,0
15.872729301452637,710,854,0
15.888051986694336,710,855,0
16.0057156085968,710,856,0
16.0212664604187,710,857,0
16.05614686012268,710,858,0
16.06716537475586,711,858,0
16.06970453262329,711,859,0
16.089937925338745,711,860,0
16.125253200531006,711,861,0
16.148565769195557,711,862,0
16.168777227401733,711,863,0
16.18474054336548,711,864,0
16.251346588134766,711,865,0
16.292829036712646,711,866,0
16.299338579177856,711,867,0
16.34732723236084,712,867,0
16.456326723098755,712,868,0
16.479364156723022,713,868,0
16.587957620620728,713,869,0
16.61111092567444,714,869,0
16.681434869766235,714,870,0
16.74134111404419,714,871,0
16.762250661849976,714,872,0
16.782025575637817,714,873,0
16.78304362297058,715,873,0
16.796135663986206,715,874,0
16.802927255630493,715,875,0
16.83537793159485,715,876,0
16.84117293357849,715,877,0
16.849695920944214,715,878,0
16.851693868637085,715,879,0
16.857372760772705,715,880,0
16.865723371505737,715,881,0
16.875268697738647,715,882,0
17.545789003372192,716,883,1
17.54978895187378,716,884,1
17.55278754234314,717,884,1
17.555318593978882,717,885,1
17.561805725097656,718,886,1
17.57095956802368,718,887,1
17.574357986450195,719,887,1
17.575361967086792,719,888,1
17.584866285324097,719,889,1
17.699614763259888,720,890,1
17.70987820625305,721,891,1
17.719041109085083,721,892,1
17.72643542289734,722,892,1
17.73743438720703,723,893,1
17.83171796798706,723,894,1
17.842119455337524,723,895,1
17.843117475509644,724,896,1
17.945146322250366,724,897,1
18.032378673553467,725,897,1
18.04276943206787,725,898,1
18.065743446350098,725,899,1
18.073532342910767,725,900,1
18.091549158096313,725,901,1
18.111833095550537,725,902,1
18.12933588027954,726,902,1
18.145877361297607,726,903,1
18.164493322372437,726,904,1
18.21469473838806,726,905,1
18.219708681106567,727,905,1
18.226338148117065,727,906,1
18.233723402023315,727,907,1
18.24542212486267,727,908,1
18.27565622329712,727,909,1
18.321101903915405,728,909,1
18.32523822784424,728,910,1
18.36328887939453,728,911,1
18.383061170578003,728,912,1
18.401272535324097,729,912,1
18.403273344039917,729,913,1
18.418112754821777,729,914,1
18.438604593276978,730,914,1
18.441150903701782,730,915,1
18.451185941696167,730,916,1
18.458730459213257,730,917,1
18.4772891998291,730,918,1
18.529994010925293,731,919,1
18.539653301239014,732,919,1
18.553706407546997,732,920,1
18.561909914016724,732,921,1
18.58042860031128,732,922,1
18.623318910598755,733,922,1
18.631499528884888,733,923,1
18.705508708953857,733,924,1
18.713066577911377,734,924,1
18.722578048706055,734,925,1
18.775405883789062,734,926,1
18.82468605041504,734,927,1
18.903074502944946,734,928,1
18.923632383346558,734,929,1
18.981679439544678,735,930,1
19.13942813873291,735,931,1
19.16019606590271,736,931,1
19.187614917755127,736,932,1
19.195117950439453,736,933,1
19.20784044265747,736,934,1
19.216569185256958,736,935,1
19.219107389450073,737,935,1
19.261361837387085,737,937,1
19.27023434638977,737,938,1
19.490213871002197,737,937,1
19.495383739471436,737,936,1
19.50343918800354,736,935,1
19.527191638946533,736,934,1
19.555240392684937,735,934,1
19.585089445114136,735,933,1
19.599316835403442,735,932,1
19.615577459335327,734,932,1
19.62358283996582,734,931,1
19.699313402175903,734,930,1
19.70784831047058,734,929,1
19.711856603622437,733,929,1
19.715379238128662,733,928,1
19.72297167778015,732,928,1
19.726215600967407,732,927,1
19.736262559890747,731,926,1
19.842840909957886,730,926,1
19.85090970993042,730,925,1
19.858494758605957,729,925,1
19.858494758605957,729,924,1
19.865113258361816,728,924,1
19.872922658920288,728,923,1
19.879454374313354,727,923,1
19.881436109542847,726,923,1
19.887926816940308,725,923,1
19.89334273338318,725,922,1
19.894866943359375,724,922,1
19.90738081932068,723,922,1
19.91777229309082,722,922,1
19.934632778167725,722,921,1
19.955831289291382,721,921,1
20.095383882522583,720,921,1
20.10138440132141,720,920,1
20.10804295539856,718,920,1
20.110100269317627,718,919,1
20.116564989089966,717,919,1
20.129111766815186,716,918,1
20.143072843551636,716,917,1
20.143072843551636,715,917,1
20.14762234687805,714,917,1
20.151623725891113,714,916,1
20.162973642349243,713,916,1
20.180237531661987,712,916,1
20.187315702438354,712,915,1
20.19131565093994,711,915,1
20.1953444480896,710,915,1
20.206031560897827,710,914,1
20.2090322971344,709,914,1
20.22781276702881,709,913,1
20.22981286048889,708,913,1
20.233241081237793,708,912,1
20.239822149276733,707,912,1
20.246848821640015,706,911,1
20.264583110809326,705,910,1
20.2817862033844,705,909,1
20.353155851364136,704,909,1
20.35583782196045,704,908,1
20.357744216918945,704,907,1
20.36726403236389,703,906,1
20.372271060943604,702,906,1
20.379676342010498,702,905,1
20.388588666915894,701,905,1
20.45601725578308,700,904,1
20.463016510009766,700,903,1
20.4756441116333,699,903,1
20.476611852645874,698,903,1
20.481611013412476,698,902,1
20.494699478149414,697,902,1
20.49570655822754,697,901,1
20.503612518310547,696,901,1
20.512807846069336,696,900,1
20.526241064071655,696,899,1
20.53555655479431,695,899,1
20.54961085319519,695,898,1
20.55362892150879,694,898,1
20.55985164642334,693,898,1
20.760822772979736,693,897,1
20.9209725856781,692,897,1
20.93838143348694,691,897,1
20.941380739212036,691,896,1
21.317627429962158,690,896,0
21.323110342025757,690,895,0
21.326056480407715,689,895,0
21.33665895462036,688,895,0
21.341960906982422,687,895,0
21.345600366592407,687,894,0
21.35133647918701,686,894,0
21.35333490371704,685,893,0
21.35953664779663,684,893,0
21.36453652381897,684,892,0
21.365554094314575,684,891,0
21.366554021835327,683,891,0
21.379446506500244,683,890,0
21.381447553634644,682,890,0
21.383445024490356,681,890,0
21.395650625228882,681,889,0
21.400482654571533,680,889,0
21.420819520950317,679,889,0
21.637635707855225,679,888,0
21.645394563674927,678,888,0
21.649394750595093,677,887,0
21.656938552856445,676,886,0
21.660905838012695,675,886,0
21.666236639022827,675,885,0
21.670751571655273,674,885,0
21.674249172210693,673,885,0
21.677378177642822,672,885,0
21.679378032684326,672,884,0
21.68437910079956,671,883,0
21.68921732902527,670,883,0
21.69257116317749,669,882,0
21.70163369178772,668,882,0
21.711873769760132,667,882,0
21.71285367012024,667,881,0
21.789868354797363,666,881,0
21.809264183044434,665,881,0
21.820467233657837,664,881,0
21.82146644592285,664,880,0
21.84330916404724,663,879,0
21.850481510162354,663,878,0
21.861778020858765,662,878,0
21.875404834747314,662,877,0
21.88940978050232,661,877,0
21.893409729003906,661,876,0
21.897950649261475,660,876,0
21.90295100212097,660,875,0
21.91318655014038,659,874,0
21.922725439071655,658,873,0
21.92835831642151,657,872,0
21.93036389350891,656,872,0
21.93636131286621,655,872,0
21.937348127365112,655,871,0
21.94134759902954,654,870,0
21.950318098068237,653,870,0
21.955403089523315,652,870,0
21.96191120147705,652,869,0
21.964415550231934,651,869,0
21.99286961555481,650,869,0
22.002824068069458,650,868,0
22.021270990371704,649,867,0
22.027456521987915,648,866,0
22.052237033843994,647,866,0
22.05930185317993,647,865,0
22.13875961303711,646,865,0
22.14234471321106,646,864,0
22.146867036819458,645,864,0
22.149867296218872,644,863,0
22.154372215270996,644,862,0
22.155376195907593,643,862,0
22.17096519470215,642,862,0
22.178072452545166,642,861,0
22.184571981430054,641,860,0
22.191164255142212,641,859,0
22.193162202835083,640,859,0
22.19567036628723,640,858,0
22.20517873764038,639,858,0
22.21172308921814,639,857,0
22.223605632781982,638,856,0
22.227722883224487,638,855,0
22.233209371566772,637,855,0
22.243608474731445,636,854,0
22.2669997215271,635,853,0
22.29546046257019,635,852,0
22.38565468788147,635,851,0
22.393383502960205,634,850,0
22.400476217269897,633,850,0
22.40345788002014,633,849,0
22.407702207565308,632,849,0
22.410728693008423,631,849,0
22.417197942733765,631,848,0
22.424278020858765,630,848,0
22.432322025299072,629,847,0
22.438899755477905,628,847,0
22.44541072845459,627,846,0
22.455427646636963,626,845,0
22.4692645072937,625,845,0
22.477892637252808,625,844,0
22.489105463027954,623,844,0
22.567187070846558,623,843,0
22.569186210632324,622,843,0
22.584221124649048,621,843,0
22.591306447982788,621,842,0
22.597453117370605,621,841,0
22.601451635360718,620,841,0
22.60345220565796,619,841,0
22.611462593078613,618,841,0
22.615734815597534,618,840,0
22.635509490966797,617,840,0
22.716665267944336,616,839,0
22.719188928604126,615,839,0
22.725682973861694,614,839,0
22.72968363761902,612,838,0
22.73958659172058,611,837,0
22.74159264564514,610,837,0
22.743591785430908,609,837,0
22.748119354248047,608,837,0
22.749100923538208,607,837,0
22.753098011016846,607,836,0
22.75560736656189,606,836,0
22.760571002960205,605,836,0
22.764321327209473,604,836,0
22.76868510246277,604,835,0
22.774193048477173,603,834,0
22.778903007507324,602,834,0
22.782912015914917,601,834,0
22.7879900932312,601,833,0
22.791959285736084,600,833,0
23.01322054862976,599,833,0
23.017719268798828,599,832,0
23.021668910980225,598,832,0
23.024669885635376,597,832,0
23.025174379348755,597,831,0
23.02820873260498,596,831,0
23.0291805267334,596,830,0
23.033159494400024,595,830,0
23.038386583328247,595,829,0
23.041388273239136,594,829,0
23.04746675491333,593,828,0
23.052468299865723,592,828,0
23.055910348892212,592,827,0
23.059470415115356,591,827,0
23.061108589172363,591,826,0
23.07254123687744,591,825,0
23.07254123687744,590,825,0
23.08004856109619,589,825,0
23.09951162338257,588,824,0
23.237090826034546,588,823,0
23.252607107162476,587,822,0
23.261271238327026,586,822,0
23.264325618743896,586,821,0
23.26745891571045,585,821,0
23.269994974136353,585,820,0
23.274500608444214,584,820,0
23.27550506591797,584,819,0
23.281105518341064,583,819,0
23.289708614349365,582,818,0
23.295248985290527,581,817,0
23.302247762680054,580,816,0
23.309281826019287,579,815,0
23.319979429244995,578,815,0
23.33051300048828,578,814,0
23.33956813812256,577,813,0
23.47539210319519,576,812,0
23.48593044281006,576,811,0
23.489281177520752,575,811,0
23.496190786361694,575,810,0
23.497141122817993,574,810,0
23.503190994262695,574,809,0
23.505701303482056,573,809,0
23.511701822280884,572,809,0
23.517706155776978,572,808,0
23.52107882499695,571,808,0
23.528233289718628,571,807,0
23.52923274040222,570,807,0
23.53930139541626,569,806,0
23.544934511184692,568,805,0
23.55353856086731,567,805,0
23.558851957321167,566,804,0
23.567407608032227,566,803,0
23.57782483100891,565,803,0
23.587341785430908,565,802,0
23.59278702735901,564,802,0
23.601068258285522,564,801,0
23.784345865249634,563,801,0
23.80145573616028,563,800,0
23.804598808288574,562,800,0
23.8087637424469,561,799,0
23.81176209449768,560,799,0
23.819118976593018,559,798,0
23.825709581375122,558,798,0
23.82996892929077,558,797,0
23.831480264663696,557,797,0
23.836122274398804,556,797,0
23.83909320831299,555,796,0
23.850603342056274,554,795,0
23.853395462036133,553,795,0
23.85831093788147,552,795,0
23.86430859565735,551,794,0
23.879567623138428,551,793,0
23.882569074630737,550,793,0
23.969589710235596,549,793,0
24.239585876464844,548,792,0
24.24565601348877,547,792,0
24.25011420249939,546,791,0
24.261385679244995,544,790,0
24.26652979850769,544,789,0
24.270517349243164,543,789,0
24.274518966674805,542,788,0
24.274518966674805,541,788,0
24.281550645828247,540,787,0
24.289397478103638,539,787,0
24.294408321380615,538,786,0
24.300143718719482,538,785,0
24.302622079849243,537,785,0
24.32528853416443,537,784,0
24.33134365081787,536,784,0
24.369301795959473,535,784,0
24.531420469284058,534,783,0
24.53332495689392,533,783,0
24.547627449035645,532,783,0
24.548672437667847,532,782,0
24.55513072013855,531,781,0
24.572391510009766,530,781,0
24.575403451919556,530,780,0
24.58196258544922,529,780,0
24.58718180656433,528,780,0
24.59117865562439,528,779,0
24.595688343048096,527,779,0
24.604758739471436,527,778,0
24.621901988983154,526,777,0
24.650967359542847,526,776,0
24.677400588989258,525,776,0
24.783657789230347,524,776,0
24.989713430404663,524,775,0
24.990828275680542,523,775,0
24.992719173431396,523,774,0
24.99672031402588,523,773,0
24.99672031402588,522,773,0
25.000728368759155,521,772,0
25.006228923797607,520,772,0
25.009228706359863,519,771,0
25.012935400009155,518,771,0
25.01965570449829,517,770,0
25.02363395690918,516,770,0
25.025140047073364,516,769,0
25.0286545753479,515,769,0
25.036967039108276,514,768,0
25.055652141571045,513,768,0
25.247657775878906,513,767,0
25.24965786933899,512,767,0
25.255806922912598,512,766,0
25.261864185333252,512,765,0
25.266354084014893,511,764,0
25.27086329460144,510,764,0
25.274389266967773,510,763,0
25.283400774002075,509,762,0
25.28557014465332,508,762,0
25.289098978042603,508,761,0
25.294617176055908,508,760,0
25.297635555267334,507,760,0
25.303682804107666,506,760,0
25.30468440055847,506,759,0
25.317362546920776,505,759,0
25.31886601448059,505,758,0
25.322872400283813,504,758,0
25.337093353271484,503,758,0
25.36681604385376,503,757,0
25.371814727783203,502,757,0
25.375328540802002,502,756,0
25.38131618499756,501,756,0
25.389332056045532,500,756,0
25.39333176612854,500,755,0
25.41276502609253,499,755,0
25.42742347717285,499,754,0
25.455589294433594,498,753,0
25.478269338607788,498,752,0
25.482367753982544,497,752,0
25.6487557888031,495,751,0
25.656349182128906,495,750,0
25.657349109649658,494,750,0
25.666211128234863,493,749,0
25.667211532592773,493,748,0
25.673211574554443,492,748,0
25.67740559577942,491,748,0
25.679518222808838,491,747,0
25.68652844429016,490,747,0
25.690545082092285,490,746,0
25.691529035568237,489,746,0
25.697633028030396,489,745,0
25.7181179523468,488,744,0
25.737011671066284,487,744,0
25.760080337524414,487,743,0
25.77362060546875,486,743,0
25.79163646697998,485,743,0
25.808589935302734,485,742,0
26.219878673553467,484,742,0
26.225534677505493,483,742,0
26.236625909805298,482,742,0
26.24760389328003,481,742,0
26.275308847427368,480,742,0
26.37356925010681,479,743,0
26.385355472564697,479,744,0
26.39246392250061,479,745,0
26.408005952835083,479,746,0
26.41921639442444,479,747,0
26.714654684066772,479,748,0
26.718559741973877,478,748,0
26.72457528114319,478,749,0
26.730182647705078,477,749,0
26.738811254501343,476,749,0
26.75035786628723,475,749,0
26.763209581375122,475,750,0
26.78260064125061,474,750,0
26.78520178794861,474,751,0
26.8052818775177,474,752,0
26.811349630355835,473,752,0
26.82761812210083,473,753,0
26.899236917495728,473,754,0
26.920326471328735,472,755,0
26.930992126464844,471,755,0
26.944356441497803,471,756,0
26.946568965911865,471,757,0
26.9608895778656,471,758,0
26.98204755783081,470,758,0
26.993597507476807,470,759,0
27.019187211990356,469,760,0
27.035651683807373,469,761,0
27.099992990493774,468,761,0
27.12826418876648,468,762,0
27.139686107635498,467,762,0
27.141581058502197,467,763,0
27.15167498588562,466,763,0
27.187322854995728,465,763,0
27.19443964958191,465,764,0
27.215982913970947,464,764,0
27.226877212524414,464,765,0
27.27527618408203,463,765,0
27.372715711593628,462,765,0
27.38023066520691,462,766,0
27.385596752166748,461,766,0
27.394585132598877,460,766,0
27.403130531311035,459,766,0
27.40785503387451,458,766,0
27.412779808044434,458,767,0
27.41747808456421,457,767,0
27.433146476745605,456,767,0
27.520395040512085,455,767,0
27.52594780921936,455,768,0
27.534663438796997,454,768,0
27.551337957382202,453,768,0
27.559274673461914,453,769,0
27.567922115325928,453,770,0
27.57755970954895,452,770,0
27.602972984313965,451,770,0
27.61419677734375,451,771,0
27.6420316696167,450,771,0
27.69448494911194,449,771,0
27.71569299697876,448,771,0
27.71969699859619,448,772,0
27.741519451141357,447,772,0
27.76711630821228,446,772,0
27.773121118545532,446,773,0
27.788800716400146,445,773,0
27.789799451828003,445,774,0
27.801161289215088,444,774,0
27.808674097061157,444,775,0
27.824861526489258,443,775,0
27.833638429641724,442,775,0
27.83689856529236,442,776,0
27.87810492515564,442,777,0
27.92131209373474,441,777,0
27.929003477096558,441,778,0
27.941537618637085,440,778,0
27.958014965057373,439,779,0
27.96550178527832,438,779,0
27.983476400375366,437,779,0
28.01345133781433,437,780,0
28.044184923171997,436,780,0
28.06642436981201,436,781,0
28.07319664955139,435,781,0
28.082014083862305,435,782,0
28.093730211257935,434,782,0
28.09979796409607,433,782,0
28.11151647567749,433,783,0
28.11282229423523,432,783,0
28.173391342163086,431,783,0
28.175572633743286,431,784,0
28.19209861755371,430,784,0
28.197587251663208,429,784,0
28.207390069961548,428,784,0
28.211395025253296,428,785,0
28.21540331840515,427,785,0
28.224425554275513,427,786,0
28.243467092514038,426,786,0
28.248087167739868,425,786,0
28.25309729576111,425,787,0
28.284313440322876,424,787,0
28.294352769851685,424,788,0
28.297518253326416,423,788,0
28.311779022216797,422,788,0
28.32451581954956,422,789,0
28.33115315437317,421,789,0
28.347238302230835,421,790,0
28.356554985046387,420,790,0
28.367794036865234,419,791,0
28.375888109207153,418,791,0
28.38459062576294,417,791,0
28.412716150283813,417,792,0
28.42727828025818,416,792,0
28.489132404327393,416,793,0
28.497905015945435,415,793,0
28.499910593032837,415,794,0
28.51356863975525,415,795,0
28.51731848716736,414,795,0
28.530864477157593,414,796,0
28.541024923324585,413,796,0
28.54554557800293,413,797,0
28.561933994293213,413,798,0
28.572299242019653,412,798,0
28.572299242019653,412,799,0
28.64563775062561,412,800,0
28.657923698425293,411,800,0
28.668991804122925,411,801,0
28.678017377853394,410,801,0
28.68631100654602,409,801,0
28.697692155838013,409,802,0
28.703579664230347,408,802,0
28.73584222793579,408,803,0
28.757290840148926,407,803,0
28.765913248062134,407,804,0
28.780855417251587,406,804,0
28.794607639312744,405,804,0
28.800947666168213,405,805,0
28.818127870559692,404,805,0
28.82939076423645,403,805,0
28.835925579071045,403,806,0
28.849874258041382,402,806,0
28.85287380218506,402,807,0
28.939635276794434,401,807,0
28.949127912521362,400,808,0
28.982236862182617,399,808,0
29.00348448753357,399,809,0
29.01918387413025,398,809,0
29.04095697402954,398,810,0
29.044485330581665,397,810,0
29.05170726776123,396,810,0
29.074223041534424,395,810,0
29.075239419937134,395,811,0
29.089430809020996,394,811,0
29.09751558303833,394,812,0
29.09949564933777,393,812,0
29.102494955062866,392,812,0
29.110941886901855,391,812,0
29.11906671524048,390,813,0
29.12960433959961,389,813,0
29.135639667510986,388,813,0
29.145256757736206,387,814,0
29.155844926834106,387,815,0
29.166717529296875,386,815,0
29.20456075668335,386,816,0
29.22508454322815,385,816,0
29.24314594268799,384,817,0
29.26127290725708,383,817,0
29.279869079589844,383,818,0
29.284520149230957,382,818,0
29.30832815170288,382,819,0
29.361064195632935,381,819,0
29.368147611618042,381,820,0
29.371148824691772,380,820,0
29.39126467704773,380,821,0
29.395808458328247,379,821,0
29.41596484184265,379,822,0
29.48858332633972,378,823,0
29.51008915901184,377,823,0
29.52721667289734,376,823,0
29.530476808547974,376,824,0
29.559016466140747,375,824,0
29.57954502105713,375,825,0
29.623517274856567,374,825,0
29.639074087142944,374,826,0
29.641072511672974,373,826,0
29.648624658584595,373,827,0
29.657626390457153,372,827,0
29.68031334877014,371,827,0
29.68749713897705,371,828,0
29.705900192260742,370,828,0
29.711222887039185,370,829,0
29.727709531784058,369,829,0
29.739728450775146,369,830,0
29.76228952407837,368,830,0
29.767401218414307,367,830,0
29.781282663345337,367,831,0
29.78979182243347,366,831,0
29.794397592544556,366,832,0
29.801559448242188,365,832,0
29.815404653549194,364,832,0
29.822980165481567,364,833,0
29.829140663146973,363,833,0
29.871052026748657,362,833,0
29.87961483001709,362,834,0
29.89968991279602,361,834,0
29.901689529418945,361,835,0
29.913509368896484,360,835,0
29.921741724014282,359,835,0
29.92274284362793,359,836,0
29.934837818145752,358,836,0
29.98944115638733,357,836,0
29.99572730064392,357,837,0
30.016746997833252,356,837,0
30.01973533630371,356,838,0
30.02508234977722,355,838,0
30.033688068389893,354,838,0
30.045241117477417,353,838,0
30.05170226097107,353,839,0
30.05954647064209,352,840,0
30.0679612159729,351,840,0
30.0857253074646,351,841,0
30.093531847000122,350,841,0
30.12966513633728,349,841,0
30.14071035385132,349,842,0
30.16545844078064,349,843,0
30.228389024734497,348,843,0
30.231626749038696,347,843,0
30.244572639465332,347,844,0
30.2521333694458,346,844,0
30.263376474380493,346,845,0
30.267749786376953,345,845,0
30.297783136367798,344,845,0
30.3027822971344,343,846,0
30.334782123565674,342,846,0
30.387463331222534,342,847,0
30.408618450164795,342,848,0
30.432517528533936,341,848,0
30.442042112350464,340,849,0
30.48294162750244,339,849,0
30.497262239456177,339,850,0
30.525350093841553,338,850,0
30.530349493026733,338,851,0
30.53707218170166,337,852,0
30.547598123550415,336,852,0
30.559374570846558,335,852,0
30.561868906021118,335,853,0
30.5694100856781,334,853,0
30.588274002075195,334,854,0
30.59929847717285,333,854,0
30.640851974487305,332,854,0
30.649359703063965,332,855,0
30.655060529708862,331,855,0
30.663305282592773,330,855,0
30.698756456375122,330,856,0
30.715120553970337,329,856,0
30.738843202590942,328,856,0
30.746992826461792,328,857,0
30.75228452682495,327,857,0
30.753288745880127,326,857,0
30.766555547714233,326,858,0
30.780261039733887,325,858,0
30.794562816619873,325,859,0
30.800908088684082,324,859,0
30.802912712097168,324,860,0
30.825167655944824,323,860,0
30.838841199874878,322,860,0
30.851151704788208,322,861,0
30.86600351333618,321,861,0
30.902173042297363,320,861,0
30.91230297088623,320,862,0
30.967850923538208,319,862,0
30.9708514213562,319,863,0
30.9766104221344,318,863,0
30.991010904312134,318,864,0
30.99570918083191,317,865,0
31.00170922279358,316,866,0
31.005216360092163,316,867,0
31.009644269943237,315,867,0
31.012033462524414,314,868,0
31.016599893569946,314,869,0
31.017590284347534,313,869,0
31.019585847854614,313,870,0
31.029794931411743,312,870,0
31.030812978744507,312,871,0
31.115623712539673,311,871,0
31.127166748046875,310,871,0
31.134429693222046,310,872,0
31.139434337615967,310,873,0
31.143433809280396,309,873,0
31.16347646713257,309,874,0
31.172895669937134,308,874,0
31.263050079345703,307,874,0
31.26741886138916,307,875,0
31.2875337600708,306,875,0
31.300918579101562,305,875,0
31.309902906417847,305,876,0
31.332096815109253,304,876,0
31.337685108184814,304,877,0
31.388500928878784,303,878,0
31.40954828262329,303,879,0
31.411633491516113,302,879,0
31.42095708847046,301,879,0
31.432801961898804,301,880,0
31.447354078292847,301,881,0
31.523128032684326,300,881,0
31.564754962921143,300,882,0
31.641600131988525,299,882,0
31.647969007492065,299,883,0
31.685400247573853,298,883,0
31.704418420791626,297,883,0
31.724308967590332,296,883,0
31.760011672973633,296,884,0
31.79223394393921,295,884,0
31.828901529312134,295,885,0
31.831902503967285,294,885,0
31.83945655822754,293,885,0
31.86577606201172,292,885,0
31.871408462524414,292,886,0
31.881432056427002,291,886,0
31.88444948196411,291,887,0
31.885534048080444,290,887,0
31.890802145004272,289,887,0
31.892827033996582,288,888,0
31.89830756187439,288,889,0
31.89930772781372,287,889,0
31.909109115600586,286,890,0
31.923657178878784,285,890,0
31.995070934295654,285,891,0
32.022857666015625,284,891,0
32.05501675605774,283,891,0
32.40743541717529,283,892,0
32.42357301712036,282,892,0
32.43354821205139,282,893,0
32.435548543930054,281,893,0
32.598904609680176,281,894,0
33.09765005111694,280,894,1
33.10951900482178,279,894,1
33.11351919174194,279,895,1
33.129106760025024,278,895,1
33.14303469657898,278,896,1
33.14533281326294,277,896,1
33.16152024269104,276,896,1
33.17810583114624,275,896,1
33.19200873374939,275,897,1
33.22611045837402,274,897,1
33.33789563179016,274,898,1
33.37952995300293,273,898,1
33.39421629905701,272,898,1
33.40743374824524,272,899,1
33.454561710357666,271,899,1
33.45723366737366,271,900,1
33.49337911605835,270,900,1
33.55963683128357,270,901,1
33.5656521320343,269,901,1
33.57830810546875,268,901,1
33.593446254730225,268,902,1
33.61309742927551,267,902,1
33.628084897994995,267,903,1
33.63841509819031,266,903,1
33.71311330795288,265,903,1
33.71962571144104,265,904,1
33.72825002670288,264,904,1
33.73693895339966,263,904,1
33.745397329330444,263,905,1
33.7691924571991,262,905,1
33.77582001686096,262,906,1
33.78035497665405,261,906,1
33.78950548171997,260,906,1
33.80474781990051,259,906,1
33.815207719802856,259,907,1
33.81919455528259,258,907,1
33.828428506851196,257,907,1
33.83442807197571,256,908,1
33.84904646873474,255,908,1
33.85200524330139,255,909,1
33.86519169807434,254,910,1
33.88754487037659,253,910,1
33.89519906044006,253,911,1
33.90130424499512,252,911,1
33.94298982620239,251,911,1
33.96437406539917,251,912,1
33.97160816192627,250,912,1
33.980966329574585,249,912,1
33.98549294471741,249,913,1
33.98852205276489,248,913,1
33.99914598464966,248,914,1
34.0092396736145,247,914,1
34.025644302368164,246,914,1
34.05459666252136,246,915,1
34.065654039382935,245,915,1
34.06767416000366,245,916,1
34.07286620140076,244,917,1
34.07766151428223,243,918,1
34.08569073677063,242,919,1
34.09303593635559,242,920,1
34.105677366256714,242,921,1
34.10918354988098,242,922,1
34.11318278312683,241,922,1
34.26257848739624,241,923,1
34.40190839767456,241,924,1
34.40559697151184,240,924,1
34.42346239089966,239,924,1
34.43329977989197,239,925,1
34.49049782752991,238,925,1
34.50964713096619,238,926,1
34.51716089248657,238,927,1
34.52216100692749,237,927,1
34.54316830635071,237,928,1
34.5887017250061,236,928,1
34.599769830703735,235,929,1
34.64846110343933,234,930,1
34.66805648803711,233,930,1
34.78863000869751,232,930,1
34.79519295692444,231,930,1
35.273128271102905,231,929,1
35.30418610572815,231,928,1
35.32156300544739,231,927,1
35.334965467453,231,926,1
35.34854459762573,231,925,1
35.36264133453369,232,925,1
35.370917081832886,232,924,1
35.379409313201904,232,923,1
35.385520219802856,233,923,1
35.391521692276,233,922,1
35.42789435386658,233,921,1
35.42888164520264,234,921,1
35.45596265792847,234,920,1
35.47463083267212,234,919,1
35.53643798828125,235,919,1
35.547155141830444,236,918,1
35.56452941894531,236,917,1
35.573039293289185,237,917,1
35.57558083534241,237,916,1
35.589218854904175,237,915,1
35.592710971832275,238,915,1
35.62089705467224,238,914,1
35.633376359939575,239,913,1
35.6431450843811,240,913,1
35.664620876312256,240,912,1
35.678701400756836,240,911,1
35.69607162475586,241,911,1
35.717520236968994,241,910,1
35.731359243392944,241,909,1
35.759068965911865,241,908,1
35.76294994354248,242,908,1
35.7721791267395,242,907,1
35.78692817687988,242,906,1
35.78993368148804,242,905,1
35.80073118209839,243,905,1
35.823158264160156,243,904,1
35.876485109329224,244,904,1
35.87790822982788,244,903,1
35.9082612991333,244,902,1
35.91528010368347,245,902,1
35.92229986190796,245,901,1
35.955485105514526,245,900,1
35.967024087905884,246,900,1
35.973063468933105,246,899,1
35.98345971107483,246,898,1
35.98889994621277,246,897,1
35.99450898170471,247,897,1
35.999449253082275,247,896,1
36.00562143325806,247,895,1
36.00861978530884,248,895,1
36.02321672439575,248,894,1
36.02372074127197,249,894,1
36.050309896469116,249,893,1
36.07037305831909,250,893,1
36.087027072906494,250,892,1
36.10294556617737,250,891,1
36.10745906829834,251,891,1
36.12788367271423,251,890,1
36.14069175720215,252,889,1
36.14779186248779,252,888,1
36.157320499420166,253,888,1
36.161563873291016,253,887,1
36.175519704818726,253,886,1
36.20995378494263,254,886,1
36.267679929733276,254,885,1
36.27703785896301,254,884,1
36.34831500053406,254,883,1
36.3787579536438,254,882,1
36.42561364173889,255,881,1
36.43480396270752,255,880,1
36.44632339477539,255,879,1
36.472919940948486,255,878,1
36.86326050758362,255,877,0
36.87021851539612,255,876,0
36.8771231174469,255,875,0
36.89932990074158,255,874,0
36.91325545310974,255,873,0
36.92320251464844,255,872,0
36.939141035079956,255,871,0
36.95546770095825,255,870,0
37.0662362575531,255,869,0
37.08847498893738,255,868,0
37.108251333236694,256,867,0
37.126485109329224,256,866,0
37.13151407241821,257,866,0
37.14803743362427,257,865,0
37.160550117492676,257,864,0
37.18867540359497,257,863,0
37.20567321777344,258,863,0
37.21755123138428,258,862,0
37.24157118797302,258,861,0
37.25473928451538,258,860,0
37.25574350357056,259,860,0
37.26502752304077,259,859,0
37.27559733390808,259,858,0
37.28644132614136,259,857,0
37.2934627532959,260,857,0
37.29624080657959,260,856,0
37.30123972892761,260,855,0
37.31555438041687,261,854,0
37.32799935340881,261,853,0
37.33987069129944,261,852,0
37.348243713378906,261,851,0
37.362886905670166,261,850,0
37.367931604385376,262,850,0
37.38562512397766,262,849,0
37.405190229415894,262,848,0
37.41090488433838,262,847,0
37.428882122039795,262,846,0
37.45305323600769,263,845,0
37.47719693183899,263,844,0
37.57100462913513,263,843,0
37.629616498947144,263,842,0
37.64779806137085,263,841,0
37.6548125743866,263,840,0
37.65782046318054,264,840,0
37.66432476043701,264,839,0
37.67735528945923,264,838,0
37.682241916656494,265,838,0
37.68942713737488,265,837,0
37.6955041885376,265,836,0
37.70352840423584,265,835,0
37.709789752960205,265,834,0
37.717541456222534,265,833,0
37.7205605506897,265,832,0
37.726078748703,265,831,0
37.73104643821716,265,830,0
37.73758363723755,265,829,0
37.745166301727295,265,828,0
37.75415325164795,265,827,0
37.76549243927002,265,826,0
37.80959725379944,266,826,0
37.8991425037384,266,825,0
37.91864991188049,266,824,0
37.93448519706726,267,824,0
37.97281360626221,267,823,0
37.99023222923279,267,822,0
38.00651288032532,268,822,0
38.015397787094116,268,821,0
38.02441143989563,269,821,0
38.03272032737732,269,820,0
38.04325079917908,269,819,0
38.05246877670288,269,818,0
38.16133785247803,269,817,0
38.17541241645813,269,816,0
38.18223214149475,270,816,0
38.18774199485779,270,815,0
38.19930624961853,270,814,0
38.21660876274109,270,813,0
38.22358512878418,271,813,0
38.231635332107544,271,812,0
38.258784770965576,271,811,0
38.26987266540527,272,810,0
38.282917976379395,272,809,0
38.29372239112854,272,808,0
38.29372239112854,273,808,0
38.30727291107178,273,807,0
38.31767511367798,273,806,0
38.32721161842346,274,806,0
38.33447265625,274,805,0
38.342429876327515,274,804,0
38.35521841049194,274,803,0
38.363189935684204,275,803,0
38.36671447753906,275,802,0
38.37976670265198,275,801,0
38.39136338233948,275,800,0
38.404212951660156,276,799,0
38.410585165023804,276,798,0
38.425621509552,276,797,0
38.42805528640747,276,796,0
38.44329047203064,277,796,0
38.453338623046875,277,795,0
38.484352588653564,277,794,0
38.50550556182861,277,793,0
38.508509397506714,278,793,0
38.517677307128906,278,792,0
38.529356241226196,278,791,0
38.53335618972778,279,791,0
38.53547263145447,279,790,0
38.545512676239014,279,789,0
38.55204629898071,279,788,0
38.55304741859436,280,788,0
38.559566020965576,280,787,0
38.567111015319824,280,786,0
38.5701105594635,281,786,0
38.573110818862915,281,785,0
38.5844042301178,282,784,0
38.59242057800293,282,783,0
38.59867310523987,282,782,0
38.60271191596985,282,781,0
38.607226610183716,283,781,0
38.61630153656006,283,780,0
38.632264137268066,283,779,0
38.64761185646057,283,778,0
38.65160799026489,283,777,0
38.66522812843323,283,776,0
38.66823220252991,284,776,0
38.67755174636841,284,775,0
38.689083099365234,284,774,0
38.69308161735535,284,773,0
38.70332431793213,284,772,0
38.713385820388794,285,771,0
38.72300958633423,285,770,0
38.72707676887512,286,769,0
38.744765758514404,286,768,0
38.775882720947266,287,768,0
38.77688264846802,287,767,0
38.807438135147095,287,766,0
38.81143927574158,288,766,0
38.814122915267944,288,765,0
38.827505350112915,288,764,0
38.83103895187378,288,763,0
38.838579416275024,289,763,0
38.84196424484253,289,762,0
38.852476835250854,289,761,0
38.85764813423157,289,760,0
38.86352324485779,290,760,0
38.871952056884766,290,759,0
38.88344120979309,290,758,0
38.89045429229736,291,758,0
38.89498162269592,291,757,0
38.902002811431885,291,756,0
38.9130425453186,292,755,0
38.93341374397278,293,755,0
38.935450077056885,293,754,0
38.952455043792725,293,753,0
38.95973443984985,294,753,0
38.960755586624146,294,752,0
38.96984148025513,294,751,0
38.977341413497925,295,751,0
38.980220079422,295,750,0
38.99714708328247,295,749,0
39.000948905944824,295,748,0
39.01162815093994,296,748,0
39.01473522186279,296,747,0
39.03166151046753,296,746,0
39.04422855377197,297,745,0
39.05030393600464,297,744,0
39.05730867385864,297,743,0
39.06035542488098,298,743,0
39.070621728897095,298,742,0
39.08154106140137,298,741,0
39.0845410823822,299,740,0
39.09655022621155,299,739,0
39.1057403087616,299,738,0
39.11282253265381,300,738,0
39.12433314323425,300,737,0
39.12588095664978,300,736,0
39.14152789115906,301,736,0
39.14424467086792,301,735,0
39.16077423095703,301,734,0
39.162782192230225,302,734,0
39.17137694358826,302,733,0
39.1925208568573,302,732,0
39.21017003059387,302,731,0
39.23181462287903,302,730,0
39.2393000125885,303,730,0
39.247342109680176,303,729,0
39.265865325927734,303,728,0
39.2677276134491,303,727,0
39.32324981689453,303,726,0
39.33557391166687,304,726,0
39.34310865402222,304,725,0
39.382654905319214,304,724,0
39.387165546417236,304,723,0
39.40427780151367,304,722,0
39.41084384918213,304,721,0
39.42002892494202,305,720,0
39.42114758491516,305,719,0
39.43871545791626,305,718,0
39.45277166366577,305,717,0
39.472975969314575,306,717,0
39.49221587181091,306,716,0
39.49723219871521,306,715,0
39.50889444351196,306,714,0
39.519527435302734,306,713,0
39.528496503829956,306,712,0
39.53151488304138,306,711,0
39.54230785369873,306,710,0
39.54331159591675,307,710,0
39.54524517059326,307,709,0
39.556771993637085,307,708,0
39.56077289581299,307,707,0
39.575846433639526,307,706,0
39.58185124397278,308,706,0
39.588358879089355,308,705,0
39.59420680999756,308,704,0
39.6032292842865,309,704,0
39.605321168899536,309,703,0
39.62168550491333,309,702,0
39.635730504989624,309,701,0
39.65588855743408,310,701,0
39.675392150878906,310,700,0
39.70611262321472,310,699,0
39.71011662483215,311,699,0
39.71111726760864,311,698,0
39.72251105308533,311,697,0
39.732101917266846,312,696,0
39.741610527038574,312,695,0
39.746485471725464,312,694,0
39.75959277153015,312,693,0
39.76759076118469,313,693,0
39.77895450592041,313,692,0
39.799476861953735,313,691,0
39.82302689552307,313,690,0
39.83832025527954,314,690,0
39.84496450424194,314,689,0
39.861830949783325,315,689,0
39.867287158966064,315,688,0
39.87985157966614,315,687,0
39.88741683959961,315,686,0
39.90721368789673,315,685,0
39.91578221321106,315,684,0
39.919326066970825,316,684,0
39.927932262420654,316,683,0
39.93847179412842,316,682,0
39.94882583618164,317,681,0
39.95674204826355,317,680,0
39.96723031997681,317,679,0
39.970218658447266,317,678,0
39.97529935836792,318,678,0
39.98008918762207,318,677,0
39.98958706855774,319,676,0
39.9947988986969,319,675,0
39.99880528450012,319,674,0
40.00511717796326,320,674,0
40.009116649627686,320,673,0
40.017454862594604,320,672,0
40.028801918029785,320,671,0
40.03278970718384,320,670,0
40.04623365402222,320,669,0
40.05686688423157,321,669,0
40.059887647628784,321,668,0
40.075510025024414,321,667,0
40.09214520454407,321,666,0
40.093127489089966,322,666,0
40.099695682525635,322,665,0
40.11266732215881,323,664,0
40.11974215507507,323,663,0
40.12543773651123,323,662,0
40.12837815284729,323,661,0
40.13976216316223,323,660,0
40.14276170730591,324,659,0
40.15416479110718,324,658,0
40.16473603248596,324,657,0
40.17732334136963,324,656,0
40.18862795829773,324,655,0
40.19566464424133,324,654,0
40.1987202167511,324,653,0
40.21115708351135,324,652,0
40.227215051651,324,651,0
40.2342324256897,325,651,0
40.247535943984985,325,650,0
40.25344133377075,325,649,0
40.29274606704712,325,648,0
40.3143572807312,325,647,0
40.320905685424805,325,646,0
40.329378843307495,325,645,0
40.333378314971924,326,645,0
40.338231325149536,326,644,0
40.35121822357178,326,643,0
40.36960053443909,327,642,0
40.411529779434204,327,641,0
40.424450397491455,327,640,0
40.431259632110596,328,640,0
40.46039032936096,328,639,0
40.47584772109985,328,638,0
40.4873583316803,329,638,0
40.49462270736694,329,637,0
40.50062847137451,329,636,0
40.51216268539429,330,636,0
40.51316285133362,330,635,0
40.53226590156555,330,634,0
40.59332203865051,330,633,0
40.6088342666626,331,633,0
40.61658191680908,331,632,0
40.75819730758667,331,631,0
40.77526092529297,331,630,0
40.79965877532959,331,629,0
41.241374015808105,331,628,0
41.25332164764404,331,627,0
41.25904393196106,330,627,0
41.27213382720947,330,626,0
41.27859902381897,329,626,0
41.282639026641846,329,625,0
41.28848958015442,329,624,0
41.29336428642273,328,624,0
41.33747673034668,328,623,0
41.627622842788696,327,622,0
41.629623889923096,326,622,0
41.63519239425659,325,621,0
41.64309644699097,324,620,0
41.649632930755615,323,620,0
41.65363430976868,322,619,0
41.66020917892456,321,619,0
41.66322612762451,320,618,0
41.66747450828552,319,618,0
41.67147469520569,319,617,0
41.67448329925537,318,617,0
41.675488233566284,318,616,0
41.68100047111511,317,616,0
41.69452905654907,317,615,0
41.845876932144165,316,615,0
41.917792558670044,315,614,0
41.91981482505798,314,614,0
41.93150091171265,313,613,0
41.932533979415894,312,612,0
41.9391872882843,311,612,0
41.94118857383728,311,611,0
41.945239543914795,310,611,0
41.9522385597229,309,610,0
41.957314014434814,308,610,0
41.96279835700989,308,609,0
41.966742515563965,307,609,0
41.96774506568909,307,608,0
41.98157501220703,306,608,0
41.98654103279114,306,607,0
41.99783706665039,305,606,0
42.01098084449768,304,606,0
42.02456331253052,304,605,0
42.02928018569946,303,605,0
42.07961368560791,303,604,0
42.09275484085083,302,604,0
42.10538578033447,301,603,0
42.124027252197266,301,602,0
42.13502621650696,300,602,0
42.14000463485718,300,601,0
42.146636724472046,299,601,0
42.15063810348511,299,600,0
42.160122871398926,299,599,0
42.16966795921326,298,599,0
42.18102431297302,297,599,0
42.188722133636475,297,598,0
42.195212602615356,296,598,0
42.20552587509155,296,597,0
42.20653176307678,295,597,0
42.21708035469055,295,596,0
42.23005199432373,295,595,0
42.237560987472534,294,595,0
42.24056148529053,293,595,0
42.25022053718567,293,594,0
42.257771015167236,292,594,0
42.27809023857117,291,594,0
42.281654596328735,291,593,0
42.29188585281372,291,592,0
42.2970175743103,290,592,0
42.3065721988678,289,592,0
42.3065721988678,289,591,0
42.321189880371094,288,591,0
42.32762861251831,288,590,0
42.358542919158936,287,590,0
42.36338496208191,287,589,0
42.37191367149353,286,589,0
42.37645387649536,285,589,0
42.38502550125122,284,589,0
42.38704991340637,284,588,0
42.396602392196655,284,587,0
42.402623653411865,283,587,0
42.40717315673828,283,586,0
42.411378383636475,282,586,0
42.41679310798645,281,586,0
42.42033576965332,281,585,0
42.4313600063324,280,584,0
42.43335938453674,279,583,0
42.4449303150177,279,582,0
42.44694995880127,278,582,0
42.457258462905884,277,582,0
42.46325635910034,277,581,0
42.468945264816284,276,581,0
42.48303437232971,275,580,0
42.49154615402222,275,579,0
42.497090339660645,274,579,0
42.510804653167725,273,579,0
42.51536989212036,272,578,0
42.52460837364197,271,578,0
42.54168391227722,270,578,0
42.543193101882935,270,577,0
42.56776714324951,269,576,0
42.57270693778992,268,576,0
42.58032989501953,268,575,0
42.58485507965088,267,575,0
42.59085965156555,266,574,0
42.60139513015747,265,574,0
42.60502505302429,264,573,0
42.609617471694946,263,573,0
42.61713671684265,262,573,0
42.61966800689697,262,572,0
42.63528919219971,261,572,0
42.75153613090515,260,571,0
42.759687423706055,259,571,0
42.764196157455444,259,570,0
42.767200231552124,258,570,0
42.77320122718811,257,569,0
42.778252840042114,256,569,0
42.782837867736816,255,569,0
42.796339988708496,254,569,0
42.79741168022156,254,568,0
42.80297541618347,253,568,0
42.80739212036133,252,568,0
42.81295418739319,252,567,0
42.815622329711914,251,567,0
42.817138671875,251,566,0
42.822675704956055,250,566,0
42.82956266403198,249,566,0
42.83356285095215,248,566,0
42.834564447402954,248,565,0
42.859585762023926,247,565,0
42.867534160614014,247,564,0
43.00345993041992,246,564,0
43.0091826915741,246,563,0
43.015299558639526,245,563,0
43.01929974555969,245,562,0
43.027244329452515,244,562,0
43.03172540664673,244,561,0
43.03625297546387,243,561,0
43.042158126831055,243,560,0
43.04934000968933,242,560,0
43.05742335319519,241,560,0
43.06288242340088,241,559,0
43.06800889968872,240,558,0
43.07303333282471,239,558,0
43.07754373550415,239,557,0
43.079564332962036,238,557,0
43.08755159378052,238,556,0
43.09091138839722,237,556,0
43.098487854003906,237,555,0
43.1014723777771,237,554,0
43.10448455810547,236,554,0
43.113154888153076,236,553,0
43.125542402267456,235,553,0
43.135560035705566,235,552,0
43.146114110946655,235,551,0
43.1471152305603,234,551,0
43.1531138420105,234,550,0
43.16640830039978,233,550,0
43.180986642837524,233,549,0
43.28532576560974,232,548,0
43.291325092315674,231,548,0
43.29905605316162,231,547,0
43.3021137714386,230,547,0
43.303117752075195,230,546,0
43.30721092224121,229,546,0
43.3132119178772,228,545,0
43.317469120025635,227,545,0
43.31978940963745,227,544,0
43.32742118835449,226,544,0
43.32940196990967,226,543,0
43.33340239524841,225,543,0
43.33674335479736,225,542,0
43.340599060058594,224,542,0
43.34915375709534,223,542,0
43.35114932060242,223,541,0
43.35769701004028,222,541,0
43.36174297332764,222,540,0
43.37095236778259,221,540,0
43.38307023048401,221,539,0
43.391037702560425,220,539,0
43.402567625045776,219,538,0
43.40980648994446,219,537,0
43.41991472244263,218,537,0
43.4274377822876,217,536,0
43.43293809890747,216,536,0
43.43548345565796,215,536,0
43.44602012634277,215,535,0
43.44912528991699,214,535,0
43.473164558410645,214,534,0
43.47523307800293,213,534,0
43.482773542404175,213,533,0
43.48630356788635,212,533,0
43.50084447860718,212,532,0
43.50284504890442,211,532,0
43.50535774230957,210,532,0
43.52161359786987,210,531,0
43.525124073028564,209,531,0
43.541781425476074,209,530,0
43.549439668655396,208,530,0
43.55142140388489,208,529,0
43.559215784072876,207,529,0
43.563021183013916,206,529,0
43.56960415840149,206,528,0
43.57262659072876,205,528,0
43.58113670349121,204,527,0
43.596993923187256,203,526,0
43.598994731903076,202,526,0
43.609567642211914,202,525,0
43.61155581474304,201,525,0
43.639312982559204,200,525,0
43.646666526794434,200,524,0
43.655701875686646,199,524,0
43.67574143409729,198,523,0
43.72010087966919,197,523,0
43.7253634929657,197,522,0
43.74313426017761,197,521,0
43.75326108932495,196,521,0
43.77105903625488,194,520,0
43.78197407722473,194,519,0
43.785494327545166,193,519,0
43.79250955581665,193,518,0
43.79803824424744,192,518,0
43.79902505874634,192,517,0
43.81405782699585,191,516,0
43.81957244873047,190,516,0
43.83161544799805,190,515,0
43.84315752983093,189,515,0
43.850329637527466,189,514,0
43.85484504699707,188,514,0
43.862040996551514,188,513,0
43.86303901672363,187,513,0
43.86856460571289,186,513,0
43.87516474723816,186,512,0
43.87862586975098,185,512,0
43.88302445411682,184,512,0
43.88556265830994,184,511,0
43.88958668708801,183,511,0
43.89707708358765,182,511,0
43.96156311035156,181,511,0
43.96610975265503,181,510,0
43.97461462020874,180,510,0
43.98133873939514,180,509,0
43.983338356018066,179,508,0
43.98985242843628,178,508,0
43.99286985397339,177,507,0
44.0003023147583,176,506,0
44.00677490234375,175,505,0
44.0102858543396,174,504,0
44.01542520523071,173,504,0
44.02203416824341,172,504,0
44.02455973625183,172,503,0
44.02859854698181,171,503,0
44.035139322280884,171,502,0
44.03796076774597,170,502,0
44.04263353347778,169,502,0
44.05718660354614,169,501,0
44.383400678634644,169,500,0
44.39291167259216,168,499,0
44.39960551261902,167,498,0
44.40574336051941,166,498,0
44.407742977142334,166,497,0
44.41274166107178,165,496,0
44.424535512924194,164,495,0
44.43070960044861,163,494,0
44.43729329109192,162,494,0
44.438292264938354,161,493,0
44.44530916213989,161,492,0
44.44530916213989,160,492,0
44.4559166431427,159,492,0
44.458916664123535,159,491,0
44.46100950241089,158,491,0
44.46301007270813,157,491,0
44.47454619407654,157,490,0
44.577260971069336,156,490,0
44.58729577064514,156,489,0
44.59132194519043,155,489,0
44.593295097351074,155,488,0
44.60537052154541,154,488,0
44.61890912055969,153,487,0
44.63244605064392,152,487,0
44.64046573638916,152,486,0
44.64761757850647,151,486,0
44.70903754234314,151,485,0
44.753063917160034,150,485,0
44.75557541847229,150,484,0
44.76085925102234,149,484,0
44.76469421386719,148,484,0
44.76775026321411,148,483,0
44.76825404167175,147,483,0
44.77832269668579,146,483,0
44.78132891654968,146,482,0
44.78521800041199,145,482,0
44.78724217414856,144,482,0
44.793325901031494,143,482,0
44.7993688583374,143,481,0
44.802369832992554,143,480,0
44.81342124938965,142,480,0
44.83308935165405,142,479,0
44.84160137176514,141,479,0
44.8518283367157,140,479,0
44.85942101478577,140,478,0
44.87456750869751,139,478,0
44.88008713722229,139,477,0
45.001842975616455,138,477,0
45.007869243621826,138,476,0
45.01086664199829,137,476,0
45.014928102493286,136,476,0
45.01594257354736,136,475,0
45.01951241493225,135,475,0
45.02493619918823,133,475,0
45.033445835113525,132,474,0
45.03973388671875,131,474,0
45.04870867729187,129,473,0
45.70138120651245,128,472,1
45.76622653007507,127,472,1
45.76730275154114,127,471,1
45.77413010597229,126,471,1
45.7751350402832,125,470,1
45.780681848526,124,469,1
45.785035610198975,123,468,1
45.789039850234985,122,468,1
45.79190993309021,122,467,1
45.795470237731934,121,467,1
45.799487590789795,120,466,1
45.80346941947937,119,465,1
45.80862784385681,118,465,1
45.81301259994507,117,464,1
45.81627368927002,116,464,1
45.817278146743774,116,463,1
45.82685399055481,115,462,1
45.83432364463806,114,462,1
45.841859579086304,114,461,1
46.00183153152466,113,461,1
46.00735020637512,112,460,1
46.013349294662476,111,460,1
46.017515897750854,111,459,1
46.02149772644043,110,459,1
46.029887199401855,109,458,1
46.03543782234192,108,458,1
46.04143691062927,107,457,1
46.05201697349548,106,457,1
46.052990674972534,106,456,1
46.05825233459473,106,455,1
46.06527376174927,105,455,1
46.06982231140137,104,455,1
46.072838306427,104,454,1
46.12621521949768,103,454,1
46.15737557411194,103,453,1
46.171466588974,103,452,1
46.174652338027954,102,452,1
46.17567729949951,102,451,1
46.18314480781555,101,451,1
46.18923497200012,100,451,1
46.19123363494873,100,450,1
46.204155921936035,100,449,1
46.21853852272034,99,449,1
46.2225558757782,99,448,1
46.230900049209595,99,447,1
46.237425088882446,98,447,1
46.24342679977417,97,446,1
46.24998092651367,96,446,1
46.252981185913086,96,445,1
46.25802516937256,95,445,1
46.26785135269165,94,445,1
46.273396730422974,94,444,1
46.28758406639099,94,443,1
46.29549694061279,93,443,1
46.381714820861816,92,443,1
46.382736682891846,92,442,1
46.397345542907715,91,442,1
46.40336465835571,91,441,1
46.40501284599304,90,441,1
46.41117310523987,90,440,1
46.413172483444214,89,440,1
46.41727828979492,88,439,1
46.421480655670166,87,439,1
46.426881551742554,86,438,1
46.43934917449951,85,437,1
46.465859174728394,84,437,1
46.46885848045349,84,436,1
46.50265192985535,83,436,1
46.515326499938965,83,435,1
46.52354621887207,82,435,1
46.536609411239624,81,435,1
46.5484824180603,80,435,1
46.562562227249146,79,435,1
46.56632113456726,79,434,1
46.57725548744202,78,434,1
46.98736929893494,79,434,1
46.99334383010864,80,434,1
46.99777579307556,81,434,1
47.007283210754395,82,434,1
47.015114545822144,83,434,1
47.017115354537964,84,434,1
47.022701025009155,85,434,1
47.02921152114868,86,434,1
47.03723335266113,87,434,1
47.043516397476196,88,434,1
47.05338525772095,89,434,1
47.067455530166626,90,434,1
47.09102725982666,91,434,1
47.189541816711426,92,434,1
47.19054102897644,93,433,1
47.19901132583618,94,433,1
47.209810972213745,95,432,1
47.21531963348389,96,432,1
47.22331929206848,97,432,1
47.23549723625183,98,432,1
47.31339120864868,99,432,1
47.32271480560303,100,432,1
47.326241970062256,101,432,1
47.33124899864197,102,432,1
47.33677291870117,103,432,1
47.34449362754822,104,432,1
47.347522497177124,105,432,1
47.35054540634155,106,432,1
47.35762286186218,107,432,1
47.3626229763031,108,432,1
47.36513161659241,109,432,1
47.37116098403931,110,432,1
47.375279664993286,111,432,1
47.38328003883362,112,432,1
47.3875150680542,113,432,1
47.429709911346436,114,432,1
47.43522000312805,115,432,1
47.44122123718262,115,433,1
47.44299101829529,116,433,1
47.444496393203735,117,433,1
47.45152425765991,118,433,1
47.453543186187744,118,434,1
47.45454430580139,119,434,1
47.461132764816284,120,435,1
47.46415328979492,121,435,1
47.46547532081604,121,436,1
47.4664740562439,122,436,1
47.472917795181274,123,437,1
47.47948217391968,124,437,1
47.4858512878418,125,437,1
47.49299693107605,126,437,1
47.50328731536865,127,438,1
47.545737743377686,128,438,1
47.576958894729614,129,438,1
47.71212983131409,130,438,1
47.71663475036621,131,438,1
47.72597074508667,132,438,1
47.728946685791016,133,439,1
47.73545551300049,134,439,1
47.742576599121094,135,439,1
47.747100830078125,136,439,1
47.75349164009094,137,439,1
47.76306200027466,138,439,1
48.118547439575195,139,439,1
48.12572741508484,140,439,1
48.32737874984741,141,439,1
48.492496967315674,142,439,1
48.903205156326294,143,439,0
48.90570116043091,144,439,0
48.90915846824646,145,439,0
48.91315746307373,146,439,0
48.91668772697449,148,439,0
48.921669244766235,149,439,0
48.92417335510254,150,439,0
48.930227279663086,151,438,0
48.931232929229736,152,438,0
48.93423295021057,153,438,0
48.938716173172,154,438,0
48.941699266433716,155,438,0
48.94269800186157,156,438,0
48.95072555541992,157,438,0
48.95522332191467,158,438,0
48.9652898311615,159,438,0
49.0761239528656,160,438,0
49.079663038253784,161,438,0
49.09007239341736,163,438,0
49.09307146072388,164,438,0
49.099101305007935,166,438,0
49.10556387901306,167,438,0
49.110655307769775,168,438,0
49.11475419998169,169,438,0
49.117698431015015,170,438,0
49.1216995716095,171,438,0
49.1272075176239,172,438,0
49.135539293289185,173,438,0
49.21505904197693,174,438,0
49.22870993614197,175,438,0
49.23271083831787,176,438,0
49.24180197715759,177,438,0
49.245282888412476,178,438,0
49.25278115272522,179,438,0
49.25717806816101,180,438,0
49.261178493499756,181,438,0
49.26317763328552,182,438,0
49.2707941532135,183,438,0
49.275333642959595,184,438,0
49.28103756904602,186,438,0
49.28706407546997,187,438,0
49.29306364059448,188,438,0
49.29917669296265,189,438,0
49.30641174316406,190,438,0
49.32118058204651,191,438,0
49.43067789077759,192,438,0
49.43724536895752,193,438,0
49.44448113441467,194,438,0
49.45119643211365,195,438,0
49.457390785217285,196,438,0
49.46439051628113,198,438,0
49.469791412353516,199,438,0
49.47293567657471,200,438,0
49.475454330444336,201,438,0
49.48345422744751,202,438,0
49.487486124038696,203,438,0
49.49522161483765,204,438,0
49.49936890602112,205,438,0
49.511446952819824,206,438,0
49.53512167930603,207,438,0
49.727423906326294,208,438,0
49.73142409324646,209,438,0
49.73557758331299,210,438,0
49.74237251281738,211,438,0
49.74747276306152,212,438,0
49.74823808670044,213,438,0
49.75631666183472,214,438,0
49.76029706001282,216,438,0
49.767311573028564,217,438,0
49.8925678730011,218,438,0
49.90912127494812,219,438,0
49.91413903236389,220,438,0
49.924288272857666,221,438,0
49.926968574523926,222,438,0
49.93754529953003,223,438,0
50.09749102592468,224,438,0
50.11043739318848,225,438,0
50.121368646621704,226,438,0
50.13824105262756,227,438,0
50.14326763153076,228,438,0
50.251786947250366,229,438,0
50.271689891815186,230,438,0
50.278813123703,231,438,0
50.28429412841797,232,438,0
50.29080271720886,233,438,0
50.292821407318115,234,438,0
50.299365282058716,235,438,0
50.30136466026306,236,438,0
50.30656123161316,237,438,0
50.31327700614929,238,437,0
50.31829524040222,239,437,0
50.321295976638794,240,437,0
50.33244442939758,241,437,0
50.340147972106934,242,437,0
50.36202907562256,243,437,0
50.54161357879639,244,437,0
50.547170877456665,245,437,0
50.554322957992554,246,437,0
50.55973505973816,247,437,0
50.56298303604126,248,437,0
50.56549692153931,249,437,0
50.56881833076477,250,437,0
50.57282781600952,252,437,0
50.576369762420654,253,437,0
50.58287763595581,254,437,0
50.58717656135559,255,437,0
50.5904061794281,256,437,0
50.59337615966797,257,437,0
50.60258746147156,258,437,0
50.691261529922485,259,437,0
50.69476675987244,260,437,0
50.70063853263855,261,437,0
50.702675104141235,261,438,0
50.708012342453,262,438,0
50.714519023895264,263,438,0
50.71952962875366,264,438,0
50.72152876853943,265,438,0
50.72352981567383,265,439,0
50.72503209114075,266,439,0
50.73285388946533,267,439,0
50.7423620223999,268,439,0
50.74336242675781,269,439,0
50.75609827041626,270,439,0
50.76261830329895,271,439,0
50.77667832374573,272,439,0
50.781272172927856,273,439,0
50.79556226730347,274,439,0
50.80710983276367,275,439,0
50.82281517982483,276,439,0
50.83242654800415,277,439,0
50.85510206222534,278,439,0
50.87283253669739,279,439,0
50.87885308265686,280,439,0
50.88314461708069,281,439,0
50.8912079334259,282,439,0
50.89740777015686,282,440,0
50.89940643310547,283,440,0
50.908864974975586,284,440,0
50.91293215751648,285,440,0
50.944538831710815,286,440,0
50.97343945503235,287,440,0
50.97949957847595,288,440,0
50.983498334884644,289,440,0
50.9957058429718,290,440,0
51.00615835189819,291,441,0
51.00718116760254,292,441,0
51.01465606689453,293,441,0
51.02068567276001,294,441,0
51.03425693511963,295,441,0
51.04528045654297,296,441,0
51.05773448944092,297,441,0
51.061827421188354,298,441,0
51.127734661102295,299,441,0
51.14700484275818,300,441,0
51.15754795074463,301,441,0
51.16155552864075,302,441,0
51.169068813323975,303,441,0
51.17311453819275,304,441,0
51.1815140247345,305,441,0
51.18750023841858,306,441,0
51.19338870048523,307,441,0
51.20150446891785,308,441,0
51.20720148086548,309,441,0
51.21120738983154,310,441,0
51.21928548812866,311,441,0
51.228904724121094,312,441,0
51.23532271385193,313,441,0
51.23682713508606,314,441,0
51.24899077415466,315,441,0
51.31989502906799,316,441,0
51.32899832725525,317,441,0
51.332010984420776,318,441,0
51.33774709701538,319,441,0
51.34305024147034,320,440,0
51.34857892990112,321,440,0
51.35409331321716,322,440,0
51.36038517951965,323,440,0
51.36767768859863,324,440,0
51.36867713928223,324,439,0
51.374751567840576,325,439,0
51.377756118774414,325,438,0
51.378756284713745,326,438,0
51.39244270324707,327,438,0
51.40620732307434,328,438,0
51.42541456222534,329,438,0
51.49558997154236,330,438,0
51.518190145492554,331,438,0
51.52734851837158,332,438,0
51.53131651878357,333,438,0
51.53789281845093,334,438,0
51.54089021682739,335,438,0
51.54289126396179,336,438,0
51.54756498336792,337,438,0
51.551167726516724,338,438,0
51.55561709403992,339,438,0
51.55770778656006,340,438,0
51.5654194355011,341,438,0
51.56841826438904,342,438,0
51.746666431427,343,438,0
51.76008367538452,344,438,0
51.7681930065155,345,438,0
51.77119445800781,346,438,0
51.776790380477905,347,438,0
51.78194618225098,348,438,0
51.78718852996826,349,438,0
51.79050636291504,350,438,0
51.794971227645874,351,438,0
51.7969765663147,352,438,0
51.805519580841064,353,438,0
51.809027671813965,354,438,0
51.818652629852295,355,438,0
51.829190254211426,356,438,0
51.843220233917236,357,438,0
51.968300580978394,358,438,0
51.975456953048706,359,438,0
51.98547840118408,360,438,0
51.9884831905365,361,438,0
51.99304175376892,362,438,0
51.99654960632324,363,438,0
52.00354981422424,364,438,0
52.24620580673218,365,438,0
52.25107002258301,366,438,0
52.2575581073761,367,438,0
52.262847661972046,368,438,0
52.26536011695862,369,438,0
52.26788902282715,370,438,0
52.269776821136475,370,437,0
52.2707953453064,371,437,0
52.27733254432678,372,437,0
52.28130531311035,373,437,0
52.2848379611969,374,437,0
52.28785014152527,375,437,0
52.29353857040405,376,437,0
52.29993438720703,377,437,0
52.31215858459473,377,436,0
52.31349539756775,378,436,0
52.32550597190857,379,436,0
52.43411183357239,380,436,0
52.50309681892395,381,436,0
52.518969774246216,382,436,0
52.52297377586365,383,436,0
52.534542083740234,384,436,0
52.90912055969238,385,436,0
52.911120891571045,385,435,0
52.91552925109863,385,434,0
52.91952991485596,386,434,0
52.92222309112549,387,434,0
52.92589235305786,387,433,0
52.94317388534546,388,433,0
52.95124077796936,388,432,0
52.95475149154663,389,432,0
52.9756019115448,390,432,0
52.979609966278076,390,431,0
52.98261284828186,391,431,0
53.276517391204834,391,430,0
53.28153610229492,391,429,0
53.29475998878479,391,428,0
53.30440592765808,391,427,0
53.309340715408325,391,426,0
53.32208514213562,391,425,0
53.32687258720398,392,425,0
53.33279538154602,392,424,0
53.34330606460571,392,423,0
53.35052490234375,392,422,0
53.3715033531189,392,421,0
53.38084387779236,393,421,0
53.38942003250122,393,420,0
53.405418395996094,393,419,0
53.41955852508545,394,418,0
53.436938524246216,395,417,0
53.451355934143066,395,416,0
53.460445404052734,396,416,0
53.48509240150452,396,415,0
53.51544904708862,396,414,0
53.51984643936157,396,413,0
53.529295444488525,397,413,0
53.542829275131226,397,412,0
53.56518054008484,398,411,0
53.572746992111206,399,411,0
53.581764698028564,399,410,0
53.59029030799866,399,409,0
53.60509920120239,399,408,0
53.60823202133179,400,408,0
53.63603639602661,400,407,0
53.65008592605591,401,407,0
53.65160369873047,401,406,0
53.673338651657104,401,405,0
53.68679070472717,401,404,0
53.69524121284485,402,404,0
53.69724130630493,403,403,0
53.71791958808899,403,402,0
53.72442412376404,404,401,0
53.737465143203735,404,400,0
53.75943112373352,405,400,0
53.76295804977417,405,399,0
53.77314615249634,405,398,0
53.78408193588257,405,397,0
53.79705548286438,406,396,0
53.80959105491638,406,395,0
53.819050788879395,406,394,0
53.828598499298096,406,393,0
53.887948513031006,407,392,0
53.904072761535645,407,391,0
53.907955169677734,408,391,0
53.91496419906616,408,390,0
53.91909456253052,408,389,0
53.931668758392334,408,388,0
53.94126534461975,409,388,0
53.94716286659241,409,387,0
53.980003118515015,409,386,0
53.991541147232056,409,385,0
54.00414681434631,410,385,0
54.01310467720032,410,384,0
54.019258975982666,410,383,0
54.02767992019653,410,382,0
54.035212993621826,410,381,0
54.041457653045654,411,380,0
54.04958987236023,411,379,0
54.050589084625244,412,379,0
54.058838844299316,412,378,0
54.07103705406189,412,377,0
54.07303738594055,412,376,0
54.07554507255554,413,376,0
54.08521270751953,413,375,0
54.099817514419556,413,374,0
54.10432052612305,414,374,0
54.105324268341064,414,373,0
54.107324838638306,414,372,0
54.119866132736206,414,371,0
54.13580298423767,415,371,0
54.15864181518555,415,370,0
54.16509699821472,416,370,0
54.168606996536255,416,369,0
54.17667818069458,416,368,0
54.19301676750183,416,367,0
54.20353078842163,416,366,0
54.20696258544922,417,366,0
54.21414923667908,417,365,0
54.221094369888306,417,364,0
54.231417655944824,417,363,0
54.24261474609375,417,362,0
54.24612617492676,418,362,0
54.25168323516846,418,361,0
54.2571702003479,418,360,0
54.26570415496826,418,359,0
54.27072286605835,419,359,0
54.27270460128784,419,358,0
54.28192925453186,419,357,0
54.28505611419678,420,357,0
54.287055015563965,420,356,0
54.30156898498535,420,355,0
54.31905794143677,420,354,0
54.332894802093506,421,354,0
54.335445165634155,421,353,0
54.33995795249939,421,352,0
54.350754261016846,421,351,0
54.37526035308838,421,350,0
54.395451068878174,421,349,0
54.40943360328674,422,349,0
54.41143178939819,422,348,0
54.418583393096924,422,347,0
54.43603801727295,422,346,0
54.46303749084473,422,345,0
54.47631645202637,423,345,0
54.477325677871704,423,344,0
54.48496198654175,423,343,0
54.49898648262024,423,342,0
54.51268482208252,423,341,0
54.53762483596802,423,340,0
54.545132875442505,423,339,0
54.54913330078125,424,339,0
54.55454063415527,424,338,0
54.5721549987793,424,337,0
54.583420515060425,424,336,0
54.58945822715759,424,335,0
54.602938413619995,424,334,0
54.61044788360596,424,333,0
54.624143838882446,425,333,0
54.67961001396179,425,332,0
54.7007839679718,425,331,0
54.72161650657654,425,330,0
54.72914934158325,425,329,0
54.74409890174866,425,328,0
54.76409721374512,425,327,0
54.784332513809204,425,326,0
54.800546407699585,425,325,0
54.814120292663574,426,324,0
54.81912422180176,426,323,0
54.832624197006226,426,322,0
54.84936785697937,426,321,0
54.86141586303711,427,320,0
54.86692476272583,427,319,0
54.87508273124695,427,318,0
54.88010263442993,428,318,0
54.885634660720825,428,317,0
54.89518666267395,428,316,0
54.92325735092163,428,315,0
54.931137561798096,428,314,0
54.93970465660095,429,314,0
54.951204776763916,429,313,0
54.97095990180969,429,312,0
54.98141956329346,430,312,0
54.99529504776001,430,311,0
55.016069650650024,430,310,0
55.02336120605469,430,309,0
55.031874895095825,431,309,0
55.035383462905884,431,308,0
55.04138255119324,432,308,0
55.044891357421875,432,307,0
55.04939293861389,432,306,0
55.057456970214844,433,305,0
55.07215619087219,433,304,0
55.07615900039673,434,303,0
55.08941674232483,434,302,0
55.11318492889404,434,301,0
55.15317106246948,434,300,0
55.154675245285034,435,300,0
55.163222789764404,435,299,0
55.16658043861389,435,298,0
55.18716645240784,435,297,0
55.20028734207153,435,296,0
55.20455884933472,436,296,0
55.21508240699768,437,295,0
55.31335973739624,437,294,0
55.32939624786377,437,293,0
55.341426849365234,437,292,0
55.352478981018066,437,291,0
55.35997796058655,438,290,0
55.383445501327515,438,289,0
55.39738750457764,438,288,0
55.41312575340271,439,288,0
55.419182538986206,439,287,0
55.42867040634155,439,286,0
55.434189796447754,439,285,0
55.44463801383972,440,284,0
55.45164227485657,441,283,0
55.45737266540527,441,282,0
55.463963985443115,441,281,0
55.47178912162781,442,281,0
55.4727885723114,442,280,0
55.478960037231445,442,279,0
55.489540338516235,442,278,0
55.49351787567139,442,277,0
55.50416135787964,443,277,0
55.5072226524353,443,276,0
55.517399311065674,443,275,0
55.53345489501953,443,274,0
55.54695725440979,444,274,0
55.55449295043945,444,273,0
55.57495737075806,444,272,0
55.58885717391968,444,271,0
55.597575426101685,445,271,0
55.604103803634644,445,270,0
55.607115745544434,445,269,0
55.612555265426636,445,268,0
55.617064476013184,446,268,0
55.621065855026245,446,267,0
55.6273307800293,446,266,0
55.631330251693726,446,265,0
55.6412353515625,446,264,0
55.649784326553345,446,263,0
55.65841007232666,446,262,0
55.6624321937561,446,261,0
55.67554569244385,446,260,0
55.81211805343628,446,259,0
55.83296179771423,446,258,0
55.84556841850281,446,257,0
55.86293292045593,447,257,0
55.887094020843506,447,256,0
55.9092013835907,447,255,0
55.92242503166199,447,254,0
55.927671909332275,447,253,0
55.930007457733154,447,252,0
55.93298673629761,447,251,0
55.936516523361206,448,250,0
55.943496227264404,448,249,0
55.95014572143555,448,248,0
55.953073024749756,448,247,0
55.960038900375366,449,246,0
55.9610390663147,449,245,0
55.965088844299316,449,244,0
55.97009229660034,449,243,0
55.97309327125549,450,242,0
55.975602865219116,450,241,0
55.98110818862915,450,240,0
55.98920726776123,450,239,0
55.99845361709595,450,238,0
56.00247383117676,451,238,0
56.00874710083008,451,237,0
56.01534175872803,451,236,0
56.02538466453552,451,235,0
56.03340721130371,451,234,0
56.045130491256714,452,233,0
56.049044132232666,452,232,0
56.09092307090759,452,231,0
56.15521168708801,452,230,0
56.19256329536438,452,229,0
56.209662675857544,452,228,0
56.23418354988098,452,227,0
56.23818826675415,453,227,0
56.24919152259827,453,226,0
56.2676317691803,453,225,0
56.353081941604614,453,224,0
56.361175298690796,454,223,0
56.371745586395264,454,222,0
56.382662296295166,454,221,0
56.387171506881714,455,221,0
56.39418578147888,455,220,0
56.40301489830017,455,219,0
56.41496658325195,455,218,0
56.42350721359253,455,217,0
56.42565631866455,456,216,0
56.42875814437866,456,215,0
56.43109965324402,457,215,0
56.43515658378601,457,214,0
56.44316029548645,457,212,0
56.447269916534424,457,211,0
56.45413398742676,457,210,0
56.455137968063354,458,210,0
56.47052812576294,458,209,0
56.47732639312744,458,208,0
56.49947690963745,458,207,0
56.769927740097046,459,206,0
56.78179049491882,459,205,0
56.794280767440796,459,204,0
56.804940700531006,459,203,0
56.821603775024414,460,203,0
56.88109064102173,461,203,0
56.890995025634766,461,202,0
56.97047281265259,461,201,0
56.99892997741699,461,200,0
57.00548696517944,462,200,0
57.030627489089966,462,199,0
57.172823429107666,462,198,0
57.451348304748535,462,197,1
57.459481716156006,463,197,1
57.4715211391449,463,195,1
57.47888231277466,464,194,1
57.48532176017761,465,194,1
57.48834490776062,465,193,1
57.4944212436676,465,192,1
57.498483180999756,465,191,1
57.500452518463135,466,190,1
57.505719900131226,466,189,1
57.50871920585632,467,187,1
57.51273727416992,467,186,1
57.51728582382202,468,185,1
57.519285678863525,469,184,1
57.522579193115234,469,183,1
57.52768158912659,469,182,1
57.529733657836914,470,182,1
57.53068780899048,470,181,1
57.53290915489197,470,180,1
57.53466320037842,471,179,1
57.54081749916077,471,177,1
57.54268980026245,471,176,1
57.5492045879364,471,175,1
57.55279302597046,472,174,1
57.56130862236023,472,173,1
57.766639709472656,472,172,1
57.77425026893616,473,172,1
57.77740836143494,473,171,1
57.7941997051239,473,170,1
57.79920768737793,473,169,1
57.80422329902649,474,169,1
57.80773711204529,474,168,1
57.81746792793274,474,167,1
57.83532977104187,475,166,1
57.841328382492065,475,165,1
57.952813386917114,475,164,1
57.96586990356445,475,163,1
57.969887256622314,476,163,1
57.9814133644104,476,162,1
57.9844126701355,476,161,1
57.985751152038574,477,161,1
58.01304626464844,477,160,1
58.02557420730591,478,160,1
58.08726143836975,478,159,1
58.09527587890625,478,158,1
58.10127854347229,478,157,1
58.11205220222473,478,156,1
58.11801862716675,478,155,1
58.129111766815186,478,154,1
58.13411211967468,479,153,1
58.135425329208374,479,152,1
58.13942575454712,479,151,1
58.14447569847107,479,150,1
58.14749765396118,479,149,1
58.14949893951416,479,148,1
58.15637993812561,480,147,1
58.16529583930969,481,146,1
58.17863988876343,481,145,1
58.17863988876343,481,144,1
58.18535280227661,481,143,1
58.1965537071228,481,142,1
58.547266244888306,482,142,1
58.55126667022705,482,141,1
58.55733323097229,483,140,1
58.56576919555664,484,139,1
58.57948589324951,485,139,1
59.19349217414856,485,140,1
59.196664810180664,485,141,1
59.20652914047241,485,142,1
59.20954418182373,486,142,1
59.21315312385559,486,143,1
59.22424101829529,486,144,1
59.22824549674988,486,145,1
59.22874879837036,487,145,1
59.248308181762695,487,146,1
59.283461809158325,487,147,1
59.29955220222473,487,148,1
59.30512809753418,488,148,1
59.311179637908936,488,149,1
59.31920289993286,489,149,1
59.3293776512146,489,150,1
59.34202027320862,489,151,1
59.458449363708496,489,152,1
59.48864388465881,490,153,1
59.497689723968506,490,154,1
59.50168967247009,491,154,1
59.505695819854736,491,155,1
59.51921010017395,492,155,1
59.52120852470398,492,156,1
59.52899217605591,492,157,1
59.53299260139465,493,157,1
59.539477825164795,493,158,1
59.56689429283142,493,159,1
59.57543134689331,494,159,1
59.60632300376892,494,160,1
59.60932946205139,495,160,1
59.628183126449585,496,161,1
59.631163120269775,496,162,1
59.64572238922119,496,163,1
59.65135884284973,497,163,1
59.6594181060791,497,164,1
59.66494941711426,498,164,1
59.70673227310181,498,165,1
59.720377922058105,498,166,1
59.72492742538452,499,166,1
59.73506736755371,499,167,1
59.75228691101074,499,168,1
59.79795432090759,500,168,1
59.80094599723816,500,169,1
59.84175705909729,500,170,1
59.852346658706665,501,170,1
59.86041235923767,501,171,1
59.86678218841553,502,171,1
59.86993098258972,502,172,1
59.87801194190979,502,173,1
59.887009382247925,502,174,1
59.8951370716095,503,174,1
60.079190731048584,503,175,1
60.113455295562744,503,176,1
60.13653349876404,503,177,1
60.13842153549194,503,178,1
60.151137590408325,503,179,1
60.15918302536011,503,180,1
60.172335386276245,503,181,1
60.173332929611206,503,182,1
60.189358949661255,503,183,1
60.20314645767212,503,184,1
60.32965898513794,503,185,1
60.40120983123779,503,186,1
60.41172480583191,503,187,1
60.429537773132324,503,188,1
60.43505907058716,503,189,1
60.43905997276306,504,189,1
60.44307541847229,504,190,1
60.44766449928284,504,191,1
60.45656442642212,504,192,1
60.46255922317505,504,193,1
60.474072217941284,504,194,1
60.48450422286987,505,194,1
60.48545050621033,505,195,1
61.018564224243164,505,196,0
61.02542757987976,505,197,0
61.02742671966553,506,197,0
61.03243827819824,506,198,0
61.042842626571655,506,199,0
61.05402684211731,506,200,0
61.05656886100769,506,201,0
61.06510615348816,506,202,0
61.071106910705566,506,203,0
61.07568430900574,507,203,0
61.0792191028595,507,204,0
61.08538269996643,507,205,0
61.09744620323181,507,206,0
61.102566957473755,507,207,0
61.107178926467896,508,207,0
61.29720067977905,508,208,0
61.30629897117615,508,209,0
61.31432509422302,509,209,0
61.31930661201477,509,210,0
61.32130575180054,510,210,0
61.324469566345215,510,211,0
61.32848525047302,510,212,0
61.336045026779175,511,213,0
61.34104633331299,511,214,0
61.345580101013184,511,215,0
61.34959173202515,512,216,0
61.35893368721008,512,217,0
61.36097860336304,512,218,0
61.36656713485718,513,219,0
61.37256741523743,513,220,0
61.377586126327515,513,221,0
61.382577896118164,514,221,0
61.38708806037903,514,222,0
61.397207498550415,515,223,0
61.40120792388916,515,224,0
61.40723204612732,515,225,0
61.41443228721619,516,226,0
61.41907358169556,516,227,0
61.422189474105835,516,228,0
61.42480778694153,516,229,0
61.435577392578125,517,230,0
61.442606687545776,518,231,0
61.44715666770935,518,232,0
61.462711811065674,518,233,0
61.471253633499146,519,233,0
61.473257541656494,519,234,0
61.4842791557312,519,235,0
61.491294622421265,519,236,0
61.499409675598145,520,236,0
61.504842042922974,520,237,0
61.518880128860474,520,238,0
61.52891778945923,520,239,0
61.537456035614014,520,240,0
61.547515869140625,520,241,0
61.54849338531494,521,241,0
61.555490255355835,522,241,0
61.56214880943298,522,242,0
61.57128286361694,522,243,0
61.57334041595459,522,244,0
61.582751989364624,522,245,0
61.59326696395874,522,246,0
61.60015654563904,523,246,0
61.60316348075867,523,247,0
61.609145164489746,523,248,0
61.62621450424194,523,249,0
61.640737771987915,523,250,0
61.654796838760376,523,251,0
61.664228200912476,523,252,0
61.667328119277954,524,252,0
61.6718807220459,524,253,0
61.68292593955994,524,254,0
61.70141410827637,525,254,0
61.70241403579712,525,255,0
61.71746325492859,525,256,0
61.721006631851196,525,257,0
61.765523195266724,525,258,0
61.78941774368286,526,259,0
61.81188488006592,526,260,0
61.81962013244629,526,261,0
61.82826590538025,526,262,0
61.839414834976196,526,263,0
61.851587533950806,526,264,0
61.858906745910645,527,264,0
61.86093783378601,527,265,0
61.87721872329712,527,266,0
61.894248962402344,527,267,0
61.90081453323364,528,267,0
61.905428647994995,528,268,0
61.909428119659424,528,269,0
61.923025369644165,528,270,0
61.93929886817932,528,271,0
61.95770883560181,529,271,0
61.96277213096619,529,272,0
61.97102928161621,529,273,0
61.99779200553894,529,274,0
62.010167837142944,529,275,0
62.02099561691284,529,276,0
62.032636404037476,529,277,0
62.037665367126465,529,278,0
62.0531804561615,529,279,0
62.086079359054565,529,280,0
62.09307861328125,529,281,0
62.095253229141235,530,281,0
62.116079568862915,531,282,0
62.12638306617737,531,283,0
62.15750455856323,531,284,0
62.17257118225098,531,285,0
62.17946457862854,531,286,0
62.181464433670044,532,286,0
62.202725887298584,532,287,0
62.214964151382446,532,288,0
62.216968059539795,533,288,0
62.22913098335266,533,289,0
62.237279176712036,533,290,0
62.25452899932861,533,291,0
62.26285767555237,533,292,0
62.27303647994995,534,292,0
62.27444362640381,534,293,0
62.282474756240845,534,294,0
62.28704237937927,535,294,0
62.29104256629944,535,295,0
62.29958915710449,535,296,0
62.300588846206665,536,296,0
62.31340217590332,536,297,0
62.31706786155701,536,298,0
62.322065353393555,537,298,0
62.32761287689209,537,299,0
62.33612656593323,537,300,0
62.34446597099304,538,300,0
62.34764337539673,538,301,0
62.352075815200806,538,302,0
62.35860848426819,538,303,0
62.36160850524902,539,303,0
62.367154359817505,539,304,0
62.37897777557373,539,305,0
62.38748621940613,539,306,0
62.418071269989014,539,307,0
62.483174085617065,539,308,0
62.506885290145874,539,309,0
62.534067153930664,539,310,0
62.55089235305786,539,311,0
62.56517195701599,539,312,0
62.57467579841614,539,313,0
62.581209897994995,539,314,0
62.58949375152588,539,315,0
62.59903311729431,539,316,0
62.60554099082947,540,316,0
62.61096119880676,540,317,0
62.62419652938843,540,318,0
62.63166832923889,540,319,0
62.64019250869751,540,320,0
62.66546845436096,540,321,0
62.73257231712341,540,322,0
62.7370822429657,541,322,0
62.783268213272095,541,323,0
62.79430818557739,541,324,0
62.79708504676819,542,324,0
62.8174090385437,543,325,0
62.83060383796692,543,326,0
62.83835530281067,543,327,0
62.85261559486389,544,327,0
62.859198331832886,544,328,0
62.872777462005615,544,329,0
62.877501487731934,545,329,0
62.883145332336426,545,330,0
62.899696350097656,545,331,0
62.92964720726013,545,332,0
62.964203119277954,546,332,0
62.98570489883423,546,333,0
63.001062631607056,547,333,0
63.00474166870117,547,334,0
63.01838731765747,547,335,0
63.042938232421875,547,336,0
63.062631607055664,547,337,0
63.081023931503296,548,338,0
63.09163999557495,548,339,0
63.110626220703125,548,340,0
63.11717891693115,549,340,0
63.123185873031616,549,341,0
63.14002013206482,549,342,0
63.143020153045654,550,343,0
63.15540909767151,551,343,0
63.16483473777771,551,344,0
63.17489552497864,552,344,0
63.17892122268677,552,345,0
63.189544916152954,552,346,0
63.197081089019775,553,346,0
63.20560145378113,553,347,0
63.21260666847229,553,348,0
63.229127168655396,553,349,0
63.2415246963501,553,350,0
63.249051332473755,553,351,0
63.25453734397888,554,351,0
63.25554633140564,554,352,0
63.259090185165405,555,352,0
63.26515984535217,555,353,0
63.27726864814758,555,354,0
63.2832715511322,556,354,0
63.28677749633789,556,355,0
63.291778326034546,556,356,0
63.30289840698242,556,357,0
63.305421590805054,557,357,0
63.3167724609375,557,358,0
63.32758927345276,557,359,0
63.33060026168823,558,360,0
63.358776807785034,558,361,0
63.373347759246826,559,361,0
63.386367082595825,559,362,0
63.441224575042725,559,363,0
63.44320821762085,560,363,0
63.44859194755554,560,364,0
63.462711811065674,560,365,0
63.49043941497803,560,366,0
63.49144172668457,561,366,0
63.504536628723145,561,367,0
63.523082971572876,561,368,0
63.550731897354126,561,369,0
63.56100869178772,561,370,0
63.5714693069458,561,371,0
63.578062772750854,562,372,0
63.585896015167236,562,373,0
63.5956289768219,562,374,0
63.611510276794434,562,375,0
63.617557525634766,562,376,0
63.618557929992676,563,376,0
63.626593351364136,563,377,0
63.66330647468567,563,378,0
63.66481041908264,564,378,0
63.67790174484253,564,379,0
63.714138984680176,564,380,0
63.72659397125244,564,381,0
63.82527256011963,564,382,0
63.831594705581665,564,383,0
63.840888261795044,564,384,0
63.84441661834717,565,384,0
63.852761030197144,565,385,0
63.86634278297424,565,386,0
63.872339963912964,566,386,0
63.87753462791443,566,387,0
63.89110255241394,566,388,0
63.90415334701538,566,389,0
63.91476511955261,566,390,0
63.935099363327026,566,391,0
63.94308018684387,567,391,0
63.9916672706604,567,392,0
64.0042290687561,567,393,0
64.07444643974304,568,393,0
64.07748532295227,568,394,0
64.08841586112976,568,395,0
64.10543417930603,568,396,0
64.11525678634644,568,397,0
64.121915102005,569,397,0
64.12935876846313,569,398,0
64.13692426681519,569,399,0
64.15167140960693,569,400,0
64.15525770187378,569,401,0
64.16087126731873,569,402,0
64.16805386543274,569,403,0
64.17569065093994,569,404,0
64.17869067192078,569,405,0
64.19886946678162,569,406,0
64.2028751373291,570,406,0
64.2093870639801,570,407,0
64.21747970581055,570,408,0
64.22952842712402,570,409,0
64.23508906364441,570,410,0
64.24938464164734,570,411,0
64.26297545433044,570,412,0
64.27767658233643,570,413,0
64.2888753414154,570,414,0
64.30447125434875,571,414,0
64.31179094314575,571,415,0
64.34013080596924,571,416,0
64.37616395950317,572,416,0
64.37936425209045,572,417,0
64.39140129089355,572,418,0
64.40928864479065,572,419,0
64.41776943206787,572,420,0
64.43851327896118,572,421,0
64.43951272964478,573,421,0
64.44504833221436,573,422,0
64.4531192779541,573,423,0
64.47493696212769,574,423,0
64.47778129577637,574,424,0
64.491534948349,574,425,0
64.49705648422241,574,426,0
64.5053493976593,574,427,0
64.51293206214905,575,427,0
64.51755809783936,575,428,0
64.52760243415833,576,428,0
64.53614449501038,576,429,0
64.53892040252686,576,430,0
64.55546188354492,576,431,0
64.57401704788208,577,431,0
64.58281874656677,577,432,0
64.59838151931763,577,433,0
64.59938764572144,578,433,0
64.6013777256012,578,434,0
64.61707258224487,578,435,0
64.62879204750061,578,436,0
64.63279175758362,579,436,0
64.64130187034607,579,437,0
64.64815020561218,579,438,0
64.66223168373108,580,438,0
65.09430480003357,581,438,0
65.09584641456604,581,439,0
65.0968496799469,582,439,0
65.10084962844849,583,439,0
65.10284972190857,584,439,0
65.10835933685303,585,439,0
65.11335968971252,586,439,0
65.11537528038025,587,439,0
65.11740231513977,588,439,0
65.12236142158508,589,440,0
65.12693047523499,590,440,0
65.12949204444885,591,440,0
65.13349199295044,592,440,0
65.13957118988037,593,440,0
65.15664958953857,594,440,0
65.16063833236694,595,440,0
65.32176470756531,596,440,0
65.33931374549866,597,440,0
65.34791231155396,598,440,0
65.3679518699646,599,440,0
65.44299292564392,600,440,0
65.44891715049744,601,440,0
65.45292234420776,602,440,0
65.4569640159607,603,440,0
65.4664580821991,604,440,0
65.47131037712097,605,440,0
65.4764997959137,606,440,0
65.47753071784973,607,440,0
65.48150730133057,608,440,0
65.48452711105347,609,440,0
65.49028515815735,610,440,0
65.49130630493164,611,440,0
65.49430918693542,612,440,0
65.50117325782776,613,440,0
65.50736093521118,615,440,0
65.51336169242859,616,440,0
65.5180025100708,617,440,0
65.51900672912598,618,440,0
65.52555084228516,619,440,0
65.54516577720642,620,440,0
65.62034320831299,621,440,0
65.62189078330994,622,440,0
65.6264009475708,623,440,0
65.632892370224,624,440,0
65.63742399215698,625,440,0
65.64296793937683,626,440,0
65.6454770565033,627,440,0
65.64975571632385,628,440,0
65.65077781677246,629,440,0
65.65731191635132,630,439,0
65.66182231903076,631,439,0
65.66432881355286,632,439,0
65.66833543777466,633,439,0
65.67129683494568,634,438,0
65.6775255203247,635,438,0
65.67852592468262,635,437,0
65.68152666091919,636,437,0
65.68794298171997,637,437,0
65.69436240196228,638,437,0
65.72154641151428,638,436,0
65.85148620605469,639,436,0
66.13757920265198,640,436,0
66.14262580871582,641,436,0
66.14717292785645,642,436,0
66.15017247200012,643,436,0
66.1531720161438,644,436,0
66.15688705444336,645,436,0
66.15942192077637,646,436,0
66.16145992279053,647,436,0
66.16345262527466,648,436,0
66.16496157646179,649,436,0
66.1669659614563,650,436,0
66.17097806930542,651,436,0
66.17287683486938,653,436,0
66.17693328857422,654,436,0
66.17895603179932,656,436,0
66.18455362319946,657,436,0
66.18455362319946,659,436,0
66.19012260437012,660,436,0
66.19210147857666,661,436,0
66.19313335418701,662,436,0
66.19876337051392,663,436,0
66.2007999420166,664,436,0
66.20729088783264,665,437,0
66.21329021453857,666,437,0
66.36263394355774,667,437,0
66.37269830703735,668,437,0
66.37774896621704,669,437,0
66.37976956367493,670,437,0
66.38077139854431,670,438,0
66.38276958465576,671,438,0
66.38727855682373,672,438,0
66.3928005695343,673,438,0
66.39534163475037,674,438,0
66.39751982688904,675,438,0
66.40265583992004,676,438,0
66.40722107887268,677,438,0
66.4092206954956,678,438,0
66.41472625732422,679,438,0
66.42288374900818,680,438,0
66.58133101463318,681,438,0
66.58133101463318,682,438,0
66.58962559700012,683,438,0
66.59160900115967,684,438,0
66.59714531898499,686,438,0
66.60092496871948,687,438,0
66.60546493530273,688,438,0
66.60795783996582,689,438,0
66.6129641532898,692,438,0
66.61742448806763,693,438,0
66.62143158912659,695,438,0
66.62596273422241,696,438,0
66.62596273422241,697,438,0
66.62947535514832,698,438,0
66.63347601890564,699,438,0
66.63590288162231,700,438,0
66.63693380355835,701,438,0
66.64344787597656,702,438,0
66.64495086669922,703,438,0
66.64952087402344,704,439,0
66.65127921104431,705,439,0
66.65481758117676,706,439,0
66.66133904457092,707,439,0
66.67080020904541,708,439,0
66.806077003479,709,439,0
66.81311368942261,710,439,0
66.82260847091675,711,439,0
66.83143925666809,713,439,0
66.8368980884552,714,439,0
66.84407639503479,715,439,0
66.84749555587769,716,439,0
66.84949445724487,717,439,0
66.85291528701782,718,439,0
66.85786724090576,719,439,0
66.85887312889099,720,439,0
66.86229634284973,721,439,0
66.86536026000977,722,439,0
66.86836123466492,723,439,0
66.8730673789978,725,439,0
66.87725567817688,726,439,0
66.87925815582275,727,439,0
66.88325715065002,728,439,0
66.88587832450867,729,439,0
66.89087843894958,731,439,0
66.897390127182,732,439,0
66.90756416320801,733,439,0
66.91504502296448,734,439,0
66.92340612411499,735,439,0
67.01667976379395,736,439,0
67.02569270133972,737,439,0
67.03201365470886,738,439,0
67.03517961502075,739,439,0
67.04117941856384,740,439,0
67.04728031158447,741,439,0
67.05330920219421,743,439,0
67.05994462966919,744,439,0
67.06739115715027,745,439,0
67.06989932060242,746,439,0
67.07289934158325,747,439,0
67.07995891571045,748,439,0
67.08547067642212,749,439,0
67.0870840549469,750,439,0
67.09793829917908,751,439,0
67.27929544448853,752,439,0
67.28329467773438,753,439,0
67.28601479530334,754,439,0
67.29100966453552,755,439,0
67.2961699962616,756,439,0
67.2991464138031,757,439,0
67.30214548110962,758,439,0
67.30759167671204,759,439,0
67.31078839302063,760,439,0
67.3163321018219,761,439,0
67.31830978393555,762,439,0
67.32132983207703,763,439,0
67.32650685310364,764,439,0
67.33119368553162,765,439,0
67.33423280715942,766,439,0
67.34075260162354,767,439,0
67.34928703308105,768,439,0
67.36511158943176,769,439,0
67.42554068565369,770,438,0
67.47747755050659,771,438,0
67.49953126907349,772,438,0
67.5052216053009,773,438,0
67.51121926307678,774,438,0
67.51725578308105,775,437,0
67.52426528930664,776,437,0
67.52919554710388,777,437,0
67.53419375419617,778,437,0
67.53727960586548,779,437,0
67.53927826881409,779,436,0
67.54127883911133,780,436,0
67.5490357875824,781,436,0
67.55263352394104,782,436,0
67.55615520477295,783,436,0
67.5632061958313,784,436,0
67.56721758842468,785,436,0
67.56922197341919,786,436,0
67.57289433479309,787,436,0
67.581063747406,788,436,0
67.5871307849884,789,436,0
67.58965945243835,790,436,0
67.59517908096313,791,436,0
67.59917163848877,792,435,0
67.60317182540894,793,435,0
67.60819435119629,794,435,0
67.61491847038269,795,435,0
67.61697769165039,796,435,0
67.98819255828857,797,435,0
67.98919320106506,798,435,0
67.99672245979309,799,435,0
68.00523543357849,800,435,0
68.01345205307007,801,435,0
68.01495742797852,802,435,0
68.02147030830383,803,435,0
68.02901530265808,804,435,0
68.03842663764954,805,435,0
68.04291248321533,806,435,0
68.05208325386047,807,435,0
68.06601285934448,808,435,0
68.15947389602661,809,435,0
68.16102361679077,810,435,0
68.16543531417847,811,435,0
68.17070770263672,812,435,0
68.17525839805603,813,435,0
68.18778729438782,814,435,0
68.57314443588257,815,435,0
68.57722163200378,816,435,0
68.58173775672913,817,435,0
68.58727669715881,818,435,0
68.61941361427307,819,435,0
69.67981886863708,820,435,1
69.68531203269958,821,435,1
69.68931198120117,822,435,1
69.69089913368225,823,435,1
69.69292426109314,823,436,1
69.69545197486877,825,436,1
69.69845485687256,826,436,1
69.70547008514404,827,436,1
69.70847535133362,828,436,1
69.70949840545654,829,436,1
69.71280646324158,830,437,1
69.71851778030396,831,438,1
69.7208685874939,832,438,1
69.72286796569824,833,438,1
69.72583222389221,834,438,1
69.73285508155823,836,439,1
69.734379529953,837,439,1
69.74041795730591,838,439,1
69.74339985847473,838,440,1
69.7468466758728,839,440,1
69.74888324737549,840,440,1
69.75645804405212,841,440,1
69.7742030620575,842,440,1
69.89449191093445,843,440,1
69.89990210533142,844,440,1
69.9064633846283,845,441,1
69.91049861907959,846,441,1
69.92046451568604,847,441,1
69.92149996757507,848,441,1
69.92732739448547,849,441,1
69.9333267211914,850,441,1
69.93787169456482,851,441,1
69.9406840801239,852,441,1
69.94825315475464,853,441,1
69.9522716999054,854,442,1
69.96280813217163,855,442,1
69.96532130241394,856,442,1
69.97033882141113,857,442,1
69.97912979125977,858,442,1
69.98521542549133,859,442,1
69.99191164970398,860,442,1
69.99291229248047,860,443,1
70.00038504600525,861,443,1
70.0069522857666,862,443,1
70.02724170684814,863,443,1
70.03777480125427,864,443,1
70.0387749671936,865,443,1
70.10987782478333,866,443,1
70.12293791770935,867,443,1
70.1334593296051,868,443,1
70.13950252532959,869,443,1
70.14614009857178,870,443,1
70.15299034118652,871,443,1
70.16050004959106,872,443,1
70.16301012039185,873,443,1
70.17524123191833,874,443,1
70.18470859527588,875,443,1
70.19063997268677,876,443,1
70.19268012046814,877,443,1
70.20184683799744,878,443,1
70.21549272537231,879,443,1
70.23503994941711,880,443,1
70.24620270729065,880,442,1
70.29520463943481,880,441,1
70.3444128036499,881,441,1
70.36570644378662,882,441,1
70.37478160858154,882,440,1
70.39040327072144,883,440,1
70.3933458328247,883,439,1
70.40277981758118,884,439,1
70.40695929527283,885,438,1
70.42004203796387,885,437,1
70.43121075630188,886,437,1
70.89964127540588,886,436,1
70.906170129776,886,435,1
70.9101710319519,886,434,1
70.91117072105408,886,433,1
70.913170337677,887,433,1
70.92028665542603,887,432,1
70.92607855796814,888,431,1
70.93688869476318,888,430,1
70.940913438797,888,429,1
70.94188976287842,889,429,1
70.9474024772644,889,428,1
70.95492243766785,889,427,1
70.96347665786743,889,426,1
70.96786832809448,890,426,1
70.97589898109436,890,425,1
71.21210312843323,890,424,1
71.21523857116699,890,423,1
71.22300958633423,890,422,1
71.22909545898438,890,421,1
71.2340943813324,890,420,1
71.24030590057373,890,419,1
71.24646091461182,890,418,1
71.25151634216309,890,417,1
71.2524950504303,890,416,1
71.26401162147522,890,415,1
71.27235841751099,890,414,1
71.27738571166992,890,413,1
71.27938961982727,890,412,1
71.28854322433472,890,411,1
71.29513645172119,890,410,1
71.29912209510803,890,409,1
71.30663394927979,890,408,1
71.32512140274048,890,407,1
71.46853852272034,890,406,1
71.47267365455627,890,405,1
71.48312830924988,890,404,1
71.48730993270874,890,403,1
71.49776673316956,890,402,1
71.50552606582642,889,401,1
71.51218366622925,889,400,1
71.521235704422,888,400,1
71.52543354034424,888,399,1
71.54504060745239,888,398,1
